7.879057953436789941e-01 3.509747462125802144e+02 1.073466499435904442e+00 3.063458743196179501e+00
2.306286770460414803e-01 3.502982828018692203e+02 2.859527903075327782e+00 1.208930907186363202e+00
6.548356228675650259e-02 3.577845144343345396e+02 7.642849340768860245e+00 1.029151162338415304e+00
5.925677888226723589e-01 3.523384172030472428e+02 1.286069417158022476e+00 2.039096806759586045e+00
9.234354850492244582e-01 3.541344683365825858e+02 1.009675082868372264e+00 4.351306952951132345e+00
8.732343069215480202e-01 3.573758966250488243e+02 1.025586278244466909e+00 3.730584282717664291e+00
9.859139594534247486e-01 3.660229973345061580e+02 1.000311627872730202e+00 4.969260532301198907e+00
1.925583222376701931e-01 3.621162568206126480e+02 3.259385353734216118e+00 1.155848856360777388e+00
1.020986124041181609e-01 3.557734704614327370e+02 5.586588261185481130e+00 1.059578622404454107e+00
3.854930599393001089e-01 3.588350147535532528e+02 1.799595376227504762e+00 1.464862343491809549e+00
