7.879057953436789941e-01 3.509747462125802144e+02 1.073466499435904442e+00
2.306286770460414803e-01 3.502982828018692203e+02 2.859527903075327782e+00
6.548356228675650259e-02 3.577845144343345396e+02 7.642849340768860245e+00
5.925677888226723589e-01 3.523384172030472428e+02 1.286069417158022476e+00
9.234354850492244582e-01 3.541344683365825858e+02 1.009675082868372264e+00
8.732343069215480202e-01 3.573758966250488243e+02 1.025586278244466909e+00
9.859139594534247486e-01 3.660229973345061580e+02 1.000311627872730202e+00
1.925583222376701931e-01 3.621162568206126480e+02 3.259385353734216118e+00
1.020986124041181609e-01 3.557734704614327370e+02 5.586588261185481130e+00
3.854930599393001089e-01 3.588350147535532528e+02 1.799595376227504762e+00
9.999999999871223011e-07 3.670000000000000000e+02 1.903054180813648699e+01
9.999999999871223011e-07 3.500000000000000000e+02 2.110082188291029226e+01
6.109828749815530147e-01 3.670000000000000000e+02 1.242267486391380960e+00
5.250182903938618861e-02 3.670000000000000000e+02 8.493710803557696920e+00
2.920327697205913342e-01 3.670000000000000000e+02 2.250839176397211538e+00
3.984536869999757980e-02 3.500000000000000000e+02 1.058375333672668539e+01
