9.999999999871223011e-07 3.500000000000000000e+02 -6.714885548526393633e-01
1.110008888888888989e-01 3.500000000000000000e+02 -7.883203586879905522e-01
2.220007777777777969e-01 3.500000000000000000e+02 -7.869348306475345556e-01
3.330006666666666115e-01 3.500000000000000000e+02 -7.782728002928466227e-01
4.440005555555555095e-01 3.500000000000000000e+02 -7.797448346536367536e-01
5.550004444444444074e-01 3.500000000000000000e+02 -7.692228806639910266e-01
6.660003333333333053e-01 3.500000000000000000e+02 -7.755977861770682047e-01
7.770002222222222032e-01 3.500000000000000000e+02 -8.255908051507303558e-01
8.880001111111111012e-01 3.500000000000000000e+02 -8.598931412968002785e-01
9.989999999999999991e-01 3.500000000000000000e+02 -7.346931290137109771e-01
9.999999999871223011e-07 3.518888888888889142e+02 -7.395101322837187574e-01
1.110008888888888989e-01 3.518888888888889142e+02 -8.627863756258657979e-01
2.220007777777777969e-01 3.518888888888889142e+02 -8.582128153047279273e-01
3.330006666666666115e-01 3.518888888888889142e+02 -8.499845160330659066e-01
4.440005555555555095e-01 3.518888888888889142e+02 -8.513811517798648421e-01
5.550004444444444074e-01 3.518888888888889142e+02 -8.357626099147752452e-01
6.660003333333333053e-01 3.518888888888889142e+02 -8.395768265226255522e-01
7.770002222222222032e-01 3.518888888888889142e+02 -8.982341986986244198e-01
8.880001111111111012e-01 3.518888888888889142e+02 -9.497545462972564190e-01
9.989999999999999991e-01 3.518888888888889142e+02 -8.194186474163226430e-01
9.999999999871223011e-07 3.537777777777777715e+02 -7.903777690396569522e-01
1.110008888888888989e-01 3.537777777777777715e+02 -9.146658574586921109e-01
2.220007777777777969e-01 3.537777777777777715e+02 -9.079631489915224174e-01
3.330006666666666115e-01 3.537777777777777715e+02 -9.007662738995231289e-01
4.440005555555555095e-01 3.537777777777777715e+02 -9.015985507045873870e-01
5.550004444444444074e-01 3.537777777777777715e+02 -8.809096113911392134e-01
6.660003333333333053e-01 3.537777777777777715e+02 -8.817714873640265516e-01
7.770002222222222032e-01 3.537777777777777715e+02 -9.472192836727258980e-01
8.880001111111111012e-01 3.537777777777777715e+02 -1.015775890458336939e+00
9.989999999999999991e-01 3.537777777777777715e+02 -8.847024108304389900e-01
9.999999999871223011e-07 3.556666666666666856e+02 -8.264184233450019290e-01
1.110008888888888989e-01 3.556666666666666856e+02 -9.444471257308806322e-01
2.220007777777777969e-01 3.556666666666666856e+02 -9.367937447975103193e-01
3.330006666666666115e-01 3.556666666666666856e+02 -9.310618152146907800e-01
4.440005555555555095e-01 3.556666666666666856e+02 -9.308371110666795456e-01
5.550004444444444074e-01 3.556666666666666856e+02 -9.057188702466416608e-01
6.660003333333333053e-01 3.556666666666666856e+02 -9.037435711285919382e-01
7.770002222222222032e-01 3.556666666666666856e+02 -9.734236226782962964e-01
8.880001111111111012e-01 3.556666666666666856e+02 -1.056023350242092818e+00
9.989999999999999991e-01 3.556666666666666856e+02 -9.285329403645096180e-01
9.999999999871223011e-07 3.575555555555555429e+02 -8.502530903249798655e-01
1.110008888888888989e-01 3.575555555555555429e+02 -9.541966197768926294e-01
2.220007777777777969e-01 3.575555555555555429e+02 -9.467583145118193544e-01
3.330006666666666115e-01 3.575555555555555429e+02 -9.426957482079137973e-01
4.440005555555555095e-01 3.575555555555555429e+02 -9.410149662460253195e-01
5.550004444444444074e-01 3.575555555555555429e+02 -9.126017770642547156e-01
6.660003333333333053e-01 3.575555555555555429e+02 -9.085076824866488154e-01
7.770002222222222032e-01 3.575555555555555429e+02 -9.799910294671465572e-01
8.880001111111111012e-01 3.575555555555555429e+02 -1.071564742514476087e+00
9.989999999999999991e-01 3.575555555555555429e+02 -9.504466808206654127e-01
9.999999999871223011e-07 3.594444444444444571e+02 -8.629133716168958523e-01
1.110008888888888989e-01 3.594444444444444571e+02 -9.460742776647578234e-01
2.220007777777777969e-01 3.594444444444444571e+02 -9.397904861262031950e-01
3.330006666666666115e-01 3.594444444444444571e+02 -9.374463165327239222e-01
4.440005555555555095e-01 3.594444444444444571e+02 -9.341600990829521667e-01
5.550004444444444074e-01 3.594444444444444571e+02 -9.039351629539140731e-01
6.660003333333333053e-01 3.594444444444444571e+02 -8.988683870728557679e-01
7.770002222222222032e-01 3.594444444444444571e+02 -9.702028706962573246e-01
8.880001111111111012e-01 3.594444444444444571e+02 -1.064793289682255617e+00
9.989999999999999991e-01 3.594444444444444571e+02 -9.508520748344436724e-01
9.999999999871223011e-07 3.613333333333333144e+02 -8.628795850069059803e-01
1.110008888888888989e-01 3.613333333333333144e+02 -9.208942332392188179e-01
2.220007777777777969e-01 3.613333333333333144e+02 -9.164514124910674298e-01
3.330006666666666115e-01 3.613333333333333144e+02 -9.157949249459779173e-01
4.440005555555555095e-01 3.613333333333333144e+02 -9.110825748085170650e-01
5.550004444444444074e-01 3.613333333333333144e+02 -8.807578673323089857e-01
6.660003333333333053e-01 3.613333333333333144e+02 -8.759694909291551035e-01
7.770002222222222032e-01 3.613333333333333144e+02 -9.454076688716539500e-01
8.880001111111111012e-01 3.613333333333333144e+02 -1.037011016254257179e+00
9.989999999999999991e-01 3.613333333333333144e+02 -9.299147307657122941e-01
9.999999999871223011e-07 3.632222222222222285e+02 -8.459324415297972966e-01
1.110008888888888989e-01 3.632222222222222285e+02 -8.780796450933583408e-01
2.220007777777777969e-01 3.632222222222222285e+02 -8.759610129141042201e-01
3.330006666666666115e-01 3.632222222222222285e+02 -8.769187319472531161e-01
4.440005555555555095e-01 3.632222222222222285e+02 -8.712756108943039424e-01
5.550004444444444074e-01 3.632222222222222285e+02 -8.426353730673329379e-01
6.660003333333333053e-01 3.632222222222222285e+02 -8.391702383101994345e-01
7.770002222222222032e-01 3.632222222222222285e+02 -9.048284565718018868e-01
8.880001111111111012e-01 3.632222222222222285e+02 -9.880490345938113261e-01
9.989999999999999991e-01 3.632222222222222285e+02 -8.874549851396531519e-01
9.999999999871223011e-07 3.651111111111110858e+02 -8.065503244368394942e-01
1.110008888888888989e-01 3.651111111111110858e+02 -8.168394391457554082e-01
2.220007777777777969e-01 3.651111111111110858e+02 -8.173502235408515171e-01
3.330006666666666115e-01 3.651111111111110858e+02 -8.198248254758804254e-01
4.440005555555555095e-01 3.651111111111110858e+02 -8.139507169338259240e-01
5.550004444444444074e-01 3.651111111111110858e+02 -7.885948686772413785e-01
6.660003333333333053e-01 3.651111111111110858e+02 -7.871042687833521567e-01
7.770002222222222032e-01 3.651111111111110858e+02 -8.470642807696687759e-01
8.880001111111111012e-01 3.651111111111110858e+02 -9.179385783309269575e-01
9.989999999999999991e-01 3.651111111111110858e+02 -8.239569982706965723e-01
9.999999999871223011e-07 3.670000000000000000e+02 -7.412780878523745898e-01
1.110008888888888989e-01 3.670000000000000000e+02 -7.373192982391931771e-01
2.220007777777777969e-01 3.670000000000000000e+02 -7.406732646868090519e-01
3.330006666666666115e-01 3.670000000000000000e+02 -7.445322900053664705e-01
4.440005555555555095e-01 3.670000000000000000e+02 -7.391137643102098087e-01
5.550004444444444074e-01 3.670000000000000000e+02 -7.181833965628289240e-01
6.660003333333333053e-01 3.670000000000000000e+02 -7.189166545648129070e-01
7.770002222222222032e-01 3.670000000000000000e+02 -7.716817792441965640e-01
8.880001111111111012e-01 3.670000000000000000e+02 -8.283471000170856691e-01
9.989999999999999991e-01 3.670000000000000000e+02 -7.413349527723811505e-01
