9.999999999871223011e-07 3.500000000000000000e+02 -4.236245687062857868e-01
1.110008888888888989e-01 3.500000000000000000e+02 -4.400530762674603746e-01
2.220007777777777969e-01 3.500000000000000000e+02 -4.066675603819975837e-01
3.330006666666666115e-01 3.500000000000000000e+02 -4.756896125419509680e-01
4.440005555555555095e-01 3.500000000000000000e+02 -5.125699625600281806e-01
5.550004444444444074e-01 3.500000000000000000e+02 -5.126120316797877496e-01
6.660003333333333053e-01 3.500000000000000000e+02 -5.235614812041977650e-01
7.770002222222222032e-01 3.500000000000000000e+02 -5.674643303982144227e-01
8.880001111111111012e-01 3.500000000000000000e+02 -5.722780722432928568e-01
9.989999999999999991e-01 3.500000000000000000e+02 -4.185182970255637569e-01
9.999999999871223011e-07 3.518888888888889142e+02 -4.875741068607570838e-01
1.110008888888888989e-01 3.518888888888889142e+02 -5.215252282144667850e-01
2.220007777777777969e-01 3.518888888888889142e+02 -4.838183719118465120e-01
3.330006666666666115e-01 3.518888888888889142e+02 -5.516848231750547393e-01
4.440005555555555095e-01 3.518888888888889142e+02 -5.893597036447957294e-01
5.550004444444444074e-01 3.518888888888889142e+02 -5.879026217555001210e-01
6.660003333333333053e-01 3.518888888888889142e+02 -5.983767915937763249e-01
7.770002222222222032e-01 3.518888888888889142e+02 -6.513485064453633511e-01
8.880001111111111012e-01 3.518888888888889142e+02 -6.683258517715940927e-01
9.989999999999999991e-01 3.518888888888889142e+02 -5.025019477606292861e-01
9.999999999871223011e-07 3.537777777777777715e+02 -5.354852523664875852e-01
1.110008888888888989e-01 3.537777777777777715e+02 -5.861398605826753094e-01
2.220007777777777969e-01 3.537777777777777715e+02 -5.467202036076259652e-01
3.330006666666666115e-01 3.537777777777777715e+02 -6.110137112255811243e-01
4.440005555555555095e-01 3.537777777777777715e+02 -6.485699388864554216e-01
5.550004444444444074e-01 3.537777777777777715e+02 -6.460381167771597211e-01
6.660003333333333053e-01 3.537777777777777715e+02 -6.553978654798887638e-01
7.770002222222222032e-01 3.537777777777777715e+02 -7.158082402767754759e-01
8.880001111111111012e-01 3.537777777777777715e+02 -7.455959992245339008e-01
9.989999999999999991e-01 3.537777777777777715e+02 -5.708325739207344984e-01
9.999999999871223011e-07 3.556666666666666856e+02 -5.674920530875748881e-01
1.110008888888888989e-01 3.556666666666666856e+02 -6.305091442492384290e-01
2.220007777777777969e-01 3.556666666666666856e+02 -5.926931053076262002e-01
3.330006666666666115e-01 3.556666666666666856e+02 -6.510871433884134474e-01
4.440005555555555095e-01 3.556666666666666856e+02 -6.877714256645527380e-01
5.550004444444444074e-01 3.556666666666666856e+02 -6.850611245320767928e-01
6.660003333333333053e-01 3.556666666666666856e+02 -6.928322989225569328e-01
7.770002222222222032e-01 3.556666666666666856e+02 -7.576813746798908289e-01
8.880001111111111012e-01 3.556666666666666856e+02 -7.986464972025502096e-01
9.989999999999999991e-01 3.556666666666666856e+02 -6.196450139679868796e-01
9.999999999871223011e-07 3.575555555555555429e+02 -5.842126088003869455e-01
1.110008888888888989e-01 3.575555555555555429e+02 -6.520815078387148800e-01
2.220007777777777969e-01 3.575555555555555429e+02 -6.194108876193090696e-01
3.330006666666666115e-01 3.575555555555555429e+02 -6.702230882856331506e-01
4.440005555555555095e-01 3.575555555555555429e+02 -7.056234243305439247e-01
5.550004444444444074e-01 3.575555555555555429e+02 -7.039875624483398209e-01
6.660003333333333053e-01 3.575555555555555429e+02 -7.100855505741492379e-01
7.770002222222222032e-01 3.575555555555555429e+02 -7.755587590348662630e-01
8.880001111111111012e-01 3.575555555555555429e+02 -8.234436808349859804e-01
9.989999999999999991e-01 3.575555555555555429e+02 -6.457718331733174333e-01
9.999999999871223011e-07 3.594444444444444571e+02 -5.858784066216766728e-01
1.110008888888888989e-01 3.594444444444444571e+02 -6.496286153794290641e-01
2.220007777777777969e-01 3.594444444444444571e+02 -6.251320065009672300e-01
3.330006666666666115e-01 3.594444444444444571e+02 -6.677938612858360656e-01
4.440005555555555095e-01 3.594444444444444571e+02 -7.019289825242834846e-01
5.550004444444444074e-01 3.594444444444444571e+02 -7.027054798807714775e-01
6.660003333333333053e-01 3.594444444444444571e+02 -7.074786122655826182e-01
7.770002222222222032e-01 3.594444444444444571e+02 -7.697754478917144816e-01
8.880001111111111012e-01 3.594444444444444571e+02 -8.185977614875215025e-01
9.989999999999999991e-01 3.594444444444444571e+02 -6.474537075519842810e-01
9.999999999871223011e-07 3.613333333333333144e+02 -5.718362403853007869e-01
1.110008888888888989e-01 3.613333333333333144e+02 -6.234515288305251257e-01
2.220007777777777969e-01 3.613333333333333144e+02 -6.089603477953635657e-01
3.330006666666666115e-01 3.613333333333333144e+02 -6.441188863906461837e-01
4.440005555555555095e-01 3.613333333333333144e+02 -6.773417975594604457e-01
5.550004444444444074e-01 3.613333333333333144e+02 -6.816367255984188134e-01
6.660003333333333053e-01 3.613333333333333144e+02 -6.856736542381844934e-01
7.770002222222222032e-01 3.613333333333333144e+02 -7.416336059239094780e-01
8.880001111111111012e-01 3.613333333333333144e+02 -7.854257404545037513e-01
9.989999999999999991e-01 3.613333333333333144e+02 -6.247112180695485462e-01
9.999999999871223011e-07 3.632222222222222285e+02 -5.407297011946144982e-01
1.110008888888888989e-01 3.632222222222222285e+02 -5.752873326192191605e-01
2.220007777777777969e-01 3.632222222222222285e+02 -5.711667012471961513e-01
3.330006666666666115e-01 3.632222222222222285e+02 -6.003610583354411778e-01
4.440005555555555095e-01 3.632222222222222285e+02 -6.331412829882002713e-01
5.550004444444444074e-01 3.632222222222222285e+02 -6.415993937901176558e-01
6.660003333333333053e-01 3.632222222222222285e+02 -6.454569910693497281e-01
7.770002222222222032e-01 3.632222222222222285e+02 -6.928833925414626949e-01
8.880001111111111012e-01 3.632222222222222285e+02 -7.272832578856295305e-01
9.989999999999999991e-01 3.632222222222222285e+02 -5.793187412977810480e-01
9.999999999871223011e-07 3.651111111111110858e+02 -4.913823493983257018e-01
1.110008888888888989e-01 3.651111111111110858e+02 -5.079965416623686281e-01
2.220007777777777969e-01 3.651111111111110858e+02 -5.133766895407689823e-01
3.330006666666666115e-01 3.651111111111110858e+02 -5.384812428582902433e-01
4.440005555555555095e-01 3.651111111111110858e+02 -5.712063764484271999e-01
5.550004444444444074e-01 3.651111111111110858e+02 -5.839518824426990218e-01
6.660003333333333053e-01 3.651111111111110858e+02 -5.879936824954945518e-01
7.770002222222222032e-01 3.651111111111110858e+02 -6.257920217001126106e-01
8.880001111111111012e-01 3.651111111111110858e+02 -6.487383491306661920e-01
9.989999999999999991e-01 3.651111111111110858e+02 -5.144149784152695082e-01
9.999999999871223011e-07 3.670000000000000000e+02 -4.238949201211793527e-01
1.110008888888888989e-01 3.670000000000000000e+02 -4.251096040894755124e-01
2.220007777777777969e-01 3.670000000000000000e+02 -4.383454602549352597e-01
3.330006666666666115e-01 3.670000000000000000e+02 -4.610827738903624518e-01
4.440005555555555095e-01 3.670000000000000000e+02 -4.939485096121049024e-01
5.550004444444444074e-01 3.670000000000000000e+02 -5.106595426316086206e-01
6.660003333333333053e-01 3.670000000000000000e+02 -5.150630515283424193e-01
7.770002222222222032e-01 3.670000000000000000e+02 -5.432016568953846880e-01
8.880001111111111012e-01 3.670000000000000000e+02 -5.546713602946039545e-01
9.989999999999999991e-01 3.670000000000000000e+02 -4.338046177358344524e-01
