9.999999999871223011e-07 3.500000000000000000e+02 -4.160070695834720000e-01
1.110008888888888989e-01 3.500000000000000000e+02 -3.230308996780663078e-01
2.220007777777777969e-01 3.500000000000000000e+02 -3.055737920878840441e-01
3.330006666666666115e-01 3.500000000000000000e+02 -2.924552576606028742e-01
4.440005555555555095e-01 3.500000000000000000e+02 -2.955135115200330231e-01
5.550004444444444074e-01 3.500000000000000000e+02 -3.084578159783534224e-01
6.660003333333333053e-01 3.500000000000000000e+02 -3.591388115492720745e-01
7.770002222222222032e-01 3.500000000000000000e+02 -4.599440048850708118e-01
8.880001111111111012e-01 3.500000000000000000e+02 -5.294598272940487238e-01
9.989999999999999991e-01 3.500000000000000000e+02 -4.026114766141180024e-01
9.999999999871223011e-07 3.518888888888889142e+02 -4.817874107367021708e-01
1.110008888888888989e-01 3.518888888888889142e+02 -4.107182959988057158e-01
2.220007777777777969e-01 3.518888888888889142e+02 -3.898604764161891501e-01
3.330006666666666115e-01 3.518888888888889142e+02 -3.759705914211705080e-01
4.440005555555555095e-01 3.518888888888889142e+02 -3.766244466532608914e-01
5.550004444444444074e-01 3.518888888888889142e+02 -3.841367450102529668e-01
6.660003333333333053e-01 3.518888888888889142e+02 -4.323245510107495138e-01
7.770002222222222032e-01 3.518888888888889142e+02 -5.423040531102427675e-01
8.880001111111111012e-01 3.518888888888889142e+02 -6.284336616756783789e-01
9.989999999999999991e-01 3.518888888888889142e+02 -4.897578059552945007e-01
9.999999999871223011e-07 3.537777777777777715e+02 -5.310463094025855701e-01
1.110008888888888989e-01 3.537777777777777715e+02 -4.854128061276928863e-01
2.220007777777777969e-01 3.537777777777777715e+02 -4.630100613544089194e-01
3.330006666666666115e-01 3.537777777777777715e+02 -4.484550062320110664e-01
4.440005555555555095e-01 3.537777777777777715e+02 -4.454903448996440085e-01
5.550004444444444074e-01 3.537777777777777715e+02 -4.462922973579257491e-01
6.660003333333333053e-01 3.537777777777777715e+02 -4.900533779598035267e-01
7.770002222222222032e-01 3.537777777777777715e+02 -6.063784134230270073e-01
8.880001111111111012e-01 3.537777777777777715e+02 -7.087056480201935349e-01
9.989999999999999991e-01 3.537777777777777715e+02 -5.611910903857092459e-01
9.999999999871223011e-07 3.556666666666666856e+02 -5.638278074928266825e-01
1.110008888888888989e-01 3.556666666666666856e+02 -5.431117413426990170e-01
2.220007777777777969e-01 3.556666666666666856e+02 -5.216095000054630226e-01
3.330006666666666115e-01 3.556666666666666856e+02 -5.065131993244913478e-01
4.440005555555555095e-01 3.556666666666666856e+02 -4.988210417897981364e-01
5.550004444444444074e-01 3.556666666666666856e+02 -4.922306809133193406e-01
6.660003333333333053e-01 3.556666666666666856e+02 -5.299821596310471117e-01
7.770002222222222032e-01 3.556666666666666856e+02 -6.486526401168570821e-01
8.880001111111111012e-01 3.556666666666666856e+02 -7.639622641510032119e-01
9.989999999999999991e-01 3.556666666666666856e+02 -6.124863220734250158e-01
9.999999999871223011e-07 3.575555555555555429e+02 -5.807911510357635088e-01
1.110008888888888989e-01 3.575555555555555429e+02 -5.798497010641642246e-01
2.220007777777777969e-01 3.575555555555555429e+02 -5.620085016805884681e-01
3.330006666666666115e-01 3.575555555555555429e+02 -5.465445279505272147e-01
4.440005555555555095e-01 3.575555555555555429e+02 -5.334209371220566265e-01
5.550004444444444074e-01 3.575555555555555429e+02 -5.196824904357792985e-01
6.660003333333333053e-01 3.575555555555555429e+02 -5.506117273633897025e-01
7.770002222222222032e-01 3.575555555555555429e+02 -6.671567790657818575e-01
8.880001111111111012e-01 3.575555555555555429e+02 -7.893159029526181092e-01
9.989999999999999991e-01 3.575555555555555429e+02 -6.399355693674533274e-01
9.999999999871223011e-07 3.594444444444444571e+02 -5.822576852295487937e-01
1.110008888888888989e-01 3.594444444444444571e+02 -5.924190792818648799e-01
2.220007777777777969e-01 3.594444444444444571e+02 -5.807809325199464467e-01
3.330006666666666115e-01 3.594444444444444571e+02 -5.652393966686686255e-01
4.440005555555555095e-01 3.594444444444444571e+02 -5.467041481923673452e-01
5.550004444444444074e-01 3.594444444444444571e+02 -5.271269047155199283e-01
6.660003333333333053e-01 3.594444444444444571e+02 -5.514184781370330413e-01
7.770002222222222032e-01 3.594444444444444571e+02 -6.617861958472219808e-01
8.880001111111111012e-01 3.594444444444444571e+02 -7.830221410460627141e-01
9.989999999999999991e-01 3.594444444444444571e+02 -6.414584542866050842e-01
9.999999999871223011e-07 3.613333333333333144e+02 -5.676542049169364113e-01
1.110008888888888989e-01 3.613333333333333144e+02 -5.791945674877591044e-01
2.220007777777777969e-01 3.613333333333333144e+02 -5.754123293043402754e-01
3.330006666666666115e-01 3.613333333333333144e+02 -5.602689335313442154e-01
4.440005555555555095e-01 3.613333333333333144e+02 -5.372539482828290192e-01
5.550004444444444074e-01 3.613333333333333144e+02 -5.140385383282273235e-01
6.660003333333333053e-01 3.613333333333333144e+02 -5.327382849183968094e-01
7.770002222222222032e-01 3.613333333333333144e+02 -6.338547087801235103e-01
8.880001111111111012e-01 3.613333333333333144e+02 -7.467798840596491239e-01
9.989999999999999991e-01 3.613333333333333144e+02 -6.171009064834027669e-01
9.999999999871223011e-07 3.632222222222222285e+02 -5.356794551698655926e-01
1.110008888888888989e-01 3.632222222222222285e+02 -5.406723898917162874e-01
2.220007777777777969e-01 3.632222222222222285e+02 -5.450870460578983723e-01
3.330006666666666115e-01 3.632222222222222285e+02 -5.309829911451375839e-01
4.440005555555555095e-01 3.632222222222222285e+02 -5.052239226084875856e-01
5.550004444444444074e-01 3.632222222222222285e+02 -4.810034871554319524e-01
6.660003333333333053e-01 3.632222222222222285e+02 -4.956118959461482953e-01
7.770002222222222032e-01 3.632222222222222285e+02 -5.855357253695488984e-01
8.880001111111111012e-01 3.632222222222222285e+02 -6.848339744275732111e-01
9.989999999999999991e-01 3.632222222222222285e+02 -5.690037383581870722e-01
9.999999999871223011e-07 3.651111111111110858e+02 -4.852062297049428707e-01
1.110008888888888989e-01 3.651111111111110858e+02 -4.794261122533234332e-01
2.220007777777777969e-01 3.651111111111110858e+02 -4.911833326495143037e-01
3.330006666666666115e-01 3.651111111111110858e+02 -4.787672643752167723e-01
4.440005555555555095e-01 3.651111111111110858e+02 -4.523795675896820079e-01
5.550004444444444074e-01 3.651111111111110858e+02 -4.296591678159541461e-01
6.660003333333333053e-01 3.651111111111110858e+02 -4.417102491707178835e-01
7.770002222222222032e-01 3.651111111111110858e+02 -5.196042477259321668e-01
8.880001111111111012e-01 3.651111111111110858e+02 -6.026937446294389211e-01
9.989999999999999991e-01 3.651111111111110858e+02 -5.008776012773210606e-01
9.999999999871223011e-07 3.670000000000000000e+02 -4.164358875265257165e-01
1.110008888888888989e-01 3.670000000000000000e+02 -3.994997749946123111e-01
2.220007777777777969e-01 3.670000000000000000e+02 -4.170115798012720143e-01
3.330006666666666115e-01 3.670000000000000000e+02 -4.067585887454567839e-01
4.440005555555555095e-01 3.670000000000000000e+02 -3.817148758218354976e-01
5.550004444444444074e-01 3.670000000000000000e+02 -3.624291932248334680e-01
6.660003333333333053e-01 3.670000000000000000e+02 -3.732252891221575775e-01
7.770002222222222032e-01 3.670000000000000000e+02 -4.392257971381585691e-01
8.880001111111111012e-01 3.670000000000000000e+02 -5.059019186885165276e-01
9.989999999999999991e-01 3.670000000000000000e+02 -4.170991621430774066e-01
