9.999999999871223011e-07 3.500000000000000000e+02 -7.428294606451569804e-01
1.110008888888888989e-01 3.500000000000000000e+02 -7.879873676085700218e-01
2.220007777777777969e-01 3.500000000000000000e+02 -7.866985386053069185e-01
3.330006666666666115e-01 3.500000000000000000e+02 -7.779225267373648389e-01
4.440005555555555095e-01 3.500000000000000000e+02 -7.794448804556715071e-01
5.550004444444444074e-01 3.500000000000000000e+02 -7.689230104065246652e-01
6.660003333333333053e-01 3.500000000000000000e+02 -7.751972777523286062e-01
7.770002222222222032e-01 3.500000000000000000e+02 -8.251866027395644565e-01
8.880001111111111012e-01 3.500000000000000000e+02 -8.597025481342613906e-01
9.989999999999999991e-01 3.500000000000000000e+02 -7.345413802740174969e-01
9.999999999871223011e-07 3.518888888888889142e+02 -8.084655998308557523e-01
1.110008888888888989e-01 3.518888888888889142e+02 -8.624408694235075057e-01
2.220007777777777969e-01 3.518888888888889142e+02 -8.579650342890775550e-01
3.330006666666666115e-01 3.518888888888889142e+02 -8.496383227744004341e-01
4.440005555555555095e-01 3.518888888888889142e+02 -8.510824611535224848e-01
5.550004444444444074e-01 3.518888888888889142e+02 -8.354465513626246898e-01
6.660003333333333053e-01 3.518888888888889142e+02 -8.391364857656169463e-01
7.770002222222222032e-01 3.518888888888889142e+02 -8.977783747538232717e-01
8.880001111111111012e-01 3.518888888888889142e+02 -9.495560204544971628e-01
9.989999999999999991e-01 3.518888888888889142e+02 -8.192835305727391715e-01
9.999999999871223011e-07 3.537777777777777715e+02 -8.533345885427888744e-01
1.110008888888888989e-01 3.537777777777777715e+02 -9.143610980780717545e-01
2.220007777777777969e-01 3.537777777777777715e+02 -9.077168658843093318e-01
3.330006666666666115e-01 3.537777777777777715e+02 -9.004564608399572290e-01
4.440005555555555095e-01 3.537777777777777715e+02 -9.013299485190138238e-01
5.550004444444444074e-01 3.537777777777777715e+02 -8.806021181846077628e-01
6.660003333333333053e-01 3.537777777777777715e+02 -8.813214990096264190e-01
7.770002222222222032e-01 3.537777777777777715e+02 -9.467442870193024662e-01
8.880001111111111012e-01 3.537777777777777715e+02 -1.015593616377702624e+00
9.989999999999999991e-01 3.537777777777777715e+02 -8.846042797580213612e-01
9.999999999871223011e-07 3.556666666666666856e+02 -8.807450265928524757e-01
1.110008888888888989e-01 3.556666666666666856e+02 -9.442397661870811643e-01
2.220007777777777969e-01 3.556666666666666856e+02 -9.365484825259863255e-01
3.330006666666666115e-01 3.556666666666666856e+02 -9.308025051007713380e-01
4.440005555555555095e-01 3.556666666666666856e+02 -9.306106039211300418e-01
5.550004444444444074e-01 3.556666666666666856e+02 -9.054305631884012051e-01
6.660003333333333053e-01 3.556666666666666856e+02 -9.033014015621515513e-01
7.770002222222222032e-01 3.556666666666666856e+02 -9.729509219370965356e-01
8.880001111111111012e-01 3.556666666666666856e+02 -1.055866907651460407e+00
9.989999999999999991e-01 3.556666666666666856e+02 -9.284775732242249724e-01
9.999999999871223011e-07 3.575555555555555429e+02 -8.945996861432847780e-01
1.110008888888888989e-01 3.575555555555555429e+02 -9.541403562994010823e-01
2.220007777777777969e-01 3.575555555555555429e+02 -9.465017959541935921e-01
3.330006666666666115e-01 3.575555555555555429e+02 -9.424812944951147520e-01
4.440005555555555095e-01 3.575555555555555429e+02 -9.408239834472738039e-01
5.550004444444444074e-01 3.575555555555555429e+02 -9.123270740227629183e-01
6.660003333333333053e-01 3.575555555555555429e+02 -9.080737288784342942e-01
7.770002222222222032e-01 3.575555555555555429e+02 -9.795248623440682145e-01
8.880001111111111012e-01 3.575555555555555429e+02 -1.071424517881796934e+00
9.989999999999999991e-01 3.575555555555555429e+02 -9.504220574210915373e-01
9.999999999871223011e-07 3.594444444444444571e+02 -8.969617484788012796e-01
1.110008888888888989e-01 3.594444444444444571e+02 -9.462234155123457890e-01
2.220007777777777969e-01 3.594444444444444571e+02 -9.395055821667835927e-01
3.330006666666666115e-01 3.594444444444444571e+02 -9.372579105456563253e-01
4.440005555555555095e-01 3.594444444444444571e+02 -9.339857506373058227e-01
5.550004444444444074e-01 3.594444444444444571e+02 -9.036578623798118270e-01
6.660003333333333053e-01 3.594444444444444571e+02 -8.984303305507261861e-01
7.770002222222222032e-01 3.594444444444444571e+02 -9.697333499393577805e-01
8.880001111111111012e-01 3.594444444444444571e+02 -1.064646651682525036e+00
9.989999999999999991e-01 3.594444444444444571e+02 -9.508335175275050011e-01
9.999999999871223011e-07 3.613333333333333144e+02 -8.870915404266974669e-01
1.110008888888888989e-01 3.613333333333333144e+02 -9.213052850638915325e-01
2.220007777777777969e-01 3.613333333333333144e+02 -9.161276194969186770e-01
3.330006666666666115e-01 3.613333333333333144e+02 -9.156113504728079500e-01
4.440005555555555095e-01 3.613333333333333144e+02 -9.109041003519058322e-01
5.550004444444444074e-01 3.613333333333333144e+02 -8.804614356871203196e-01
6.660003333333333053e-01 3.613333333333333144e+02 -8.755134674927625982e-01
7.770002222222222032e-01 3.613333333333333144e+02 -9.449225271966247286e-01
8.880001111111111012e-01 3.613333333333333144e+02 -1.036835742914474334e+00
9.989999999999999991e-01 3.613333333333333144e+02 -9.298762952914627622e-01
9.999999999871223011e-07 3.632222222222222285e+02 -8.614185845311875811e-01
1.110008888888888989e-01 3.632222222222222285e+02 -8.787986410465451481e-01
2.220007777777777969e-01 3.632222222222222285e+02 -8.756056608393745222e-01
3.330006666666666115e-01 3.632222222222222285e+02 -8.767272459609203317e-01
4.440005555555555095e-01 3.632222222222222285e+02 -8.710803326136647984e-01
5.550004444444444074e-01 3.632222222222222285e+02 -8.423129396891594345e-01
6.660003333333333053e-01 3.632222222222222285e+02 -8.386928417651330347e-01
7.770002222222222032e-01 3.632222222222222285e+02 -9.043266473380816572e-01
8.880001111111111012e-01 3.632222222222222285e+02 -9.878365858070010663e-01
9.989999999999999991e-01 3.632222222222222285e+02 -8.873811652599316036e-01
9.999999999871223011e-07 3.651111111111110858e+02 -8.150122715514899197e-01
1.110008888888888989e-01 3.651111111111110858e+02 -8.178778531863440948e-01
2.220007777777777969e-01 3.651111111111110858e+02 -8.169914042982174829e-01
3.330006666666666115e-01 3.651111111111110858e+02 -8.196282960720746580e-01
4.440005555555555095e-01 3.651111111111110858e+02 -8.137398247310889676e-01
5.550004444444444074e-01 3.651111111111110858e+02 -7.882544514487024312e-01
6.660003333333333053e-01 3.651111111111110858e+02 -7.866188160755668290e-01
7.770002222222222032e-01 3.651111111111110858e+02 -8.465626298742073841e-01
8.880001111111111012e-01 3.651111111111110858e+02 -9.176999641603311719e-01
9.989999999999999991e-01 3.651111111111110858e+02 -8.238488736175308969e-01
9.999999999871223011e-07 3.670000000000000000e+02 -7.448409224343764956e-01
1.110008888888888989e-01 3.670000000000000000e+02 -7.386378851492074737e-01
2.220007777777777969e-01 3.670000000000000000e+02 -7.403521438251866593e-01
3.330006666666666115e-01 3.670000000000000000e+02 -7.443487248915623411e-01
4.440005555555555095e-01 3.670000000000000000e+02 -7.389018950284998999e-01
5.550004444444444074e-01 3.670000000000000000e+02 -7.178464802628820030e-01
6.660003333333333053e-01 3.670000000000000000e+02 -7.184510500815175504e-01
7.770002222222222032e-01 3.670000000000000000e+02 -7.712114754447283449e-01
8.880001111111111012e-01 3.670000000000000000e+02 -8.281084852533141527e-01
9.989999999999999991e-01 3.670000000000000000e+02 -7.412081664808275461e-01
