9.999999999871223011e-07 3.500000000000000000e+02 -6.707975906845777825e-01
1.110008888888888989e-01 3.500000000000000000e+02 -7.409151878407167491e-01
2.220007777777777969e-01 3.500000000000000000e+02 -7.300215000484170380e-01
3.330006666666666115e-01 3.500000000000000000e+02 -7.606695963987610831e-01
4.440005555555555095e-01 3.500000000000000000e+02 -7.761518295605160933e-01
5.550004444444444074e-01 3.500000000000000000e+02 -7.673704798291400841e-01
6.660003333333333053e-01 3.500000000000000000e+02 -7.732601972426010883e-01
7.770002222222222032e-01 3.500000000000000000e+02 -8.233028160098515569e-01
8.880001111111111012e-01 3.500000000000000000e+02 -8.588088577856956007e-01
9.989999999999999991e-01 3.500000000000000000e+02 -7.341514553993359060e-01
9.999999999871223011e-07 3.518888888888889142e+02 -7.386972251433013836e-01
1.110008888888888989e-01 3.518888888888889142e+02 -8.175269307907019334e-01
2.220007777777777969e-01 3.518888888888889142e+02 -8.035642224271413170e-01
3.330006666666666115e-01 3.518888888888889142e+02 -8.340223511282430779e-01
4.440005555555555095e-01 3.518888888888889142e+02 -8.482722153779519436e-01
5.550004444444444074e-01 3.518888888888889142e+02 -8.339065274306562969e-01
6.660003333333333053e-01 3.518888888888889142e+02 -8.370745946832222062e-01
7.770002222222222032e-01 3.518888888888889142e+02 -8.957054288373104134e-01
8.880001111111111012e-01 3.518888888888889142e+02 -9.485651479863487223e-01
9.989999999999999991e-01 3.518888888888889142e+02 -8.189022553274295513e-01
9.999999999871223011e-07 3.537777777777777715e+02 -7.894067425527684367e-01
1.110008888888888989e-01 3.537777777777777715e+02 -8.738505928408865087e-01
2.220007777777777969e-01 3.537777777777777715e+02 -8.582981139547800620e-01
3.330006666666666115e-01 3.537777777777777715e+02 -8.871560615449356479e-01
4.440005555555555095e-01 3.537777777777777715e+02 -8.989124930206963127e-01
5.550004444444444074e-01 3.537777777777777715e+02 -8.789211671953377492e-01
6.660003333333333053e-01 3.537777777777777715e+02 -8.790349951226676950e-01
7.770002222222222032e-01 3.537777777777777715e+02 -9.443919360809830410e-01
8.880001111111111012e-01 3.537777777777777715e+02 -1.014384643693249988e+00
9.989999999999999991e-01 3.537777777777777715e+02 -8.841418590167127167e-01
9.999999999871223011e-07 3.556666666666666856e+02 -8.253227956574653579e-01
1.110008888888888989e-01 3.556666666666666856e+02 -9.098517386658471207e-01
2.220007777777777969e-01 3.556666666666666856e+02 -8.942663718221358637e-01
3.330006666666666115e-01 3.556666666666666856e+02 -9.201847279051933448e-01
4.440005555555555095e-01 3.556666666666666856e+02 -9.284401818780093629e-01
5.550004444444444074e-01 3.556666666666666856e+02 -9.035025475132836270e-01
6.660003333333333053e-01 3.556666666666666856e+02 -9.007646687308307198e-01
7.770002222222222032e-01 3.556666666666666856e+02 -9.703225949160358965e-01
8.880001111111111012e-01 3.556666666666666856e+02 -1.054403700649241049e+00
9.989999999999999991e-01 3.556666666666666856e+02 -9.278967056308263794e-01
9.999999999871223011e-07 3.575555555555555429e+02 -8.491182084896513604e-01
1.110008888888888989e-01 3.575555555555555429e+02 -9.266837474329090441e-01
2.220007777777777969e-01 3.575555555555555429e+02 -9.125004606633136950e-01
3.330006666666666115e-01 3.575555555555555429e+02 -9.345391916282659306e-01
4.440005555555555095e-01 3.575555555555555429e+02 -9.387385145516331519e-01
5.550004444444444074e-01 3.575555555555555429e+02 -9.101102058860782718e-01
6.660003333333333053e-01 3.575555555555555429e+02 -9.053310754190377896e-01
7.770002222222222032e-01 3.575555555555555429e+02 -9.767121399299496520e-01
8.880001111111111012e-01 3.575555555555555429e+02 -1.069777129050649922e+00
9.989999999999999991e-01 3.575555555555555429e+02 -9.497521030826520105e-01
9.999999999871223011e-07 3.594444444444444571e+02 -8.618473088082784228e-01
1.110008888888888989e-01 3.594444444444444571e+02 -9.255575920993248662e-01
2.220007777777777969e-01 3.594444444444444571e+02 -9.138713650398422317e-01
3.330006666666666115e-01 3.594444444444444571e+02 -9.316715581965573367e-01
4.440005555555555095e-01 3.594444444444444571e+02 -9.318408710942736040e-01
5.550004444444444074e-01 3.594444444444444571e+02 -9.011641149053285504e-01
6.660003333333333053e-01 3.594444444444444571e+02 -8.955656095228479163e-01
7.770002222222222032e-01 3.594444444444444571e+02 -9.668743105046760933e-01
8.880001111111111012e-01 3.594444444444444571e+02 -1.062961291983941514e+00
9.989999999999999991e-01 3.594444444444444571e+02 -9.501537308957873629e-01
9.999999999871223011e-07 3.613333333333333144e+02 -8.619745518279244845e-01
1.110008888888888989e-01 3.613333333333333144e+02 -9.065820035003863131e-01
2.220007777777777969e-01 3.613333333333333144e+02 -8.981105777957049119e-01
3.330006666666666115e-01 3.613333333333333144e+02 -9.118598890210929397e-01
4.440005555555555095e-01 3.613333333333333144e+02 -9.085834079583504641e-01
5.550004444444444074e-01 3.613333333333333144e+02 -8.777297463242083042e-01
6.660003333333333053e-01 3.613333333333333144e+02 -8.726126593163676670e-01
7.770002222222222032e-01 3.613333333333333144e+02 -9.421484753263684730e-01
8.880001111111111012e-01 3.613333333333333144e+02 -1.035261386130608141e+00
9.989999999999999991e-01 3.613333333333333144e+02 -9.292681031557872284e-01
9.999999999871223011e-07 3.632222222222222285e+02 -8.452138552657619819e-01
1.110008888888888989e-01 3.632222222222222285e+02 -8.687562790105970434e-01
2.220007777777777969e-01 3.632222222222222285e+02 -8.638910876049668008e-01
3.330006666666666115e-01 3.632222222222222285e+02 -8.741922145961329438e-01
4.440005555555555095e-01 3.632222222222222285e+02 -8.684923849240084870e-01
5.550004444444444074e-01 3.632222222222222285e+02 -8.393852595422310880e-01
6.660003333333333053e-01 3.632222222222222285e+02 -8.358170795866056713e-01
7.770002222222222032e-01 3.632222222222222285e+02 -9.017222413724090835e-01
8.880001111111111012e-01 3.632222222222222285e+02 -9.864562115864272673e-01
9.989999999999999991e-01 3.632222222222222285e+02 -8.868796256965230107e-01
9.999999999871223011e-07 3.651111111111110858e+02 -8.059451669325208290e-01
1.110008888888888989e-01 3.651111111111110858e+02 -8.111018489683810007e-01
2.220007777777777969e-01 3.651111111111110858e+02 -8.099597810816490107e-01
3.330006666666666115e-01 3.651111111111110858e+02 -8.176840316105211670e-01
4.440005555555555095e-01 3.651111111111110858e+02 -8.108193310754349126e-01
5.550004444444444074e-01 3.651111111111110858e+02 -7.851649971846739184e-01
6.660003333333333053e-01 3.651111111111110858e+02 -7.837932852196926037e-01
7.770002222222222032e-01 3.651111111111110858e+02 -8.441481711698891610e-01
8.880001111111111012e-01 3.651111111111110858e+02 -9.165042875508302433e-01
9.989999999999999991e-01 3.651111111111110858e+02 -8.234243237124035941e-01
9.999999999871223011e-07 3.670000000000000000e+02 -7.406372388609602231e-01
1.110008888888888989e-01 3.670000000000000000e+02 -7.337863574416408907e-01
2.220007777777777969e-01 3.670000000000000000e+02 -7.363413327434730205e-01
3.330006666666666115e-01 3.670000000000000000e+02 -7.424463582406565232e-01
4.440005555555555095e-01 3.670000000000000000e+02 -7.356177542422142057e-01
5.550004444444444074e-01 3.670000000000000000e+02 -7.146204751629869900e-01
6.660003333333333053e-01 3.670000000000000000e+02 -7.156655284361465030e-01
7.770002222222222032e-01 3.670000000000000000e+02 -7.689444722692486689e-01
8.880001111111111012e-01 3.670000000000000000e+02 -8.270094828828470357e-01
9.989999999999999991e-01 3.670000000000000000e+02 -7.407785390599491704e-01
