9.999999999871223011e-07 3.500000000000000000e+02 -2.144611942450790343e-01
1.110008888888888989e-01 3.500000000000000000e+02 -7.207144030209067243e-02
2.220007777777777969e-01 3.500000000000000000e+02 -1.395091444695748528e-01
3.330006666666666115e-01 3.500000000000000000e+02 -2.391748862015752319e-01
4.440005555555555095e-01 3.500000000000000000e+02 -2.508479565555026269e-01
5.550004444444444074e-01 3.500000000000000000e+02 -2.521826559668731704e-01
6.660003333333333053e-01 3.500000000000000000e+02 -2.975217308910346192e-01
7.770002222222222032e-01 3.500000000000000000e+02 -3.797532858767309616e-01
8.880001111111111012e-01 3.500000000000000000e+02 -3.900174967118943403e-01
9.989999999999999991e-01 3.500000000000000000e+02 -2.064758818340926005e-01
9.999999999871223011e-07 3.518888888888889142e+02 -2.565442848123013486e-01
1.110008888888888989e-01 3.518888888888889142e+02 -1.706368053232367732e-01
2.220007777777777969e-01 3.518888888888889142e+02 -2.285487711335374428e-01
3.330006666666666115e-01 3.518888888888889142e+02 -3.202131795877241061e-01
4.440005555555555095e-01 3.518888888888889142e+02 -3.241766534547566581e-01
5.550004444444444074e-01 3.518888888888889142e+02 -3.201769561224109273e-01
6.660003333333333053e-01 3.518888888888889142e+02 -3.681653889687704906e-01
7.770002222222222032e-01 3.518888888888889142e+02 -4.671900307935644703e-01
8.880001111111111012e-01 3.518888888888889142e+02 -4.950178552240152019e-01
9.989999999999999991e-01 3.518888888888889142e+02 -2.946778284275951565e-01
9.999999999871223011e-07 3.537777777777777715e+02 -2.772650835529660296e-01
1.110008888888888989e-01 3.537777777777777715e+02 -2.608019403788346402e-01
2.220007777777777969e-01 3.537777777777777715e+02 -3.063647735160924812e-01
3.330006666666666115e-01 3.537777777777777715e+02 -3.837914608676298300e-01
4.440005555555555095e-01 3.537777777777777715e+02 -3.776716089887331984e-01
5.550004444444444074e-01 3.537777777777777715e+02 -3.680659490201170225e-01
6.660003333333333053e-01 3.537777777777777715e+02 -4.175980678006858682e-01
7.770002222222222032e-01 3.537777777777777715e+02 -5.319795407404614984e-01
8.880001111111111012e-01 3.537777777777777715e+02 -5.808034112579306685e-01
9.989999999999999991e-01 3.537777777777777715e+02 -3.688537771654596398e-01
9.999999999871223011e-07 3.556666666666666856e+02 -2.776509992205720700e-01
1.110008888888888989e-01 3.556666666666666856e+02 -3.372510451579100454e-01
2.220007777777777969e-01 3.556666666666666856e+02 -3.682885673933259385e-01
3.330006666666666115e-01 3.556666666666666856e+02 -4.251754638116322926e-01
4.440005555555555095e-01 3.556666666666666856e+02 -4.075914101797234457e-01
5.550004444444444074e-01 3.556666666666666856e+02 -3.930356890802735315e-01
6.660003333333333053e-01 3.556666666666666856e+02 -4.428992721488576034e-01
7.770002222222222032e-01 3.556666666666666856e+02 -5.686428195008572661e-01
8.880001111111111012e-01 3.556666666666666856e+02 -6.390330659324139351e-01
9.989999999999999991e-01 3.556666666666666856e+02 -4.240282275151953106e-01
9.999999999871223011e-07 3.575555555555555429e+02 -2.600759784886355064e-01
1.110008888888888989e-01 3.575555555555555429e+02 -3.937365501830828451e-01
2.220007777777777969e-01 3.575555555555555429e+02 -4.094149793360377654e-01
3.330006666666666115e-01 3.575555555555555429e+02 -4.409506329342773867e-01
4.440005555555555095e-01 3.575555555555555429e+02 -4.121085154681966012e-01
5.550004444444444074e-01 3.575555555555555429e+02 -3.941971062008200466e-01
6.660003333333333053e-01 3.575555555555555429e+02 -4.433962324525785315e-01
7.770002222222222032e-01 3.575555555555555429e+02 -5.746370480751433751e-01
8.880001111111111012e-01 3.575555555555555429e+02 -6.628629536428732871e-01
9.989999999999999991e-01 3.575555555555555429e+02 -4.556196822577530670e-01
9.999999999871223011e-07 3.594444444444444571e+02 -2.272543433396134738e-01
1.110008888888888989e-01 3.594444444444444571e+02 -4.241754123618590722e-01
2.220007777777777969e-01 3.594444444444444571e+02 -4.255758377311537055e-01
3.330006666666666115e-01 3.594444444444444571e+02 -4.300415152425169918e-01
4.440005555555555095e-01 3.594444444444444571e+02 -3.918415966639512416e-01
5.550004444444444074e-01 3.594444444444444571e+02 -3.727678335523508801e-01
6.660003333333333053e-01 3.594444444444444571e+02 -4.207210488486188282e-01
7.770002222222222032e-01 3.594444444444444571e+02 -5.512462581373736015e-01
8.880001111111111012e-01 3.594444444444444571e+02 -6.498956321652621382e-01
9.989999999999999991e-01 3.594444444444444571e+02 -4.606309186634458541e-01
9.999999999871223011e-07 3.613333333333333144e+02 -1.815786812749327073e-01
1.110008888888888989e-01 3.613333333333333144e+02 -4.244039453604283585e-01
2.220007777777777969e-01 3.613333333333333144e+02 -4.144929218556030470e-01
3.330006666666666115e-01 3.613333333333333144e+02 -3.940003667466192017e-01
4.440005555555555095e-01 3.613333333333333144e+02 -3.495754657193427262e-01
5.550004444444444074e-01 3.613333333333333144e+02 -3.315927681719322839e-01
6.660003333333333053e-01 3.613333333333333144e+02 -3.780702021700483861e-01
7.770002222222222032e-01 3.613333333333333144e+02 -5.026628666868003803e-01
8.880001111111111012e-01 3.613333333333333144e+02 -6.032025067332883461e-01
9.989999999999999991e-01 3.613333333333333144e+02 -4.385970206532561200e-01
9.999999999871223011e-07 3.632222222222222285e+02 -1.249711743142297715e-01
1.110008888888888989e-01 3.632222222222222285e+02 -3.936927822150672052e-01
2.220007777777777969e-01 3.632222222222222285e+02 -3.766060542367527519e-01
3.330006666666666115e-01 3.632222222222222285e+02 -3.364455809626246685e-01
4.440005555555555095e-01 3.632222222222222285e+02 -2.893577137615818140e-01
5.550004444444444074e-01 3.632222222222222285e+02 -2.743073119517892566e-01
6.660003333333333053e-01 3.632222222222222285e+02 -3.192461752592529178e-01
7.770002222222222032e-01 3.632222222222222285e+02 -4.343227851556463737e-01
8.880001111111111012e-01 3.632222222222222285e+02 -5.296842473461033096e-01
9.989999999999999991e-01 3.632222222222222285e+02 -3.917637108860901884e-01
9.999999999871223011e-07 3.651111111111110858e+02 -5.901718448699211361e-02
1.110008888888888989e-01 3.651111111111110858e+02 -3.350565732047739997e-01
2.220007777777777969e-01 3.651111111111110858e+02 -3.150541881309228964e-01
3.330006666666666115e-01 3.651111111111110858e+02 -2.620149912599875064e-01
4.440005555555555095e-01 3.651111111111110858e+02 -2.154974263919982036e-01
5.550004444444444074e-01 3.651111111111110858e+02 -2.045752026016391945e-01
6.660003333333333053e-01 3.651111111111110858e+02 -2.479450888122204377e-01
7.770002222222222032e-01 3.651111111111110858e+02 -3.515811856171049410e-01
8.880001111111111012e-01 3.651111111111110858e+02 -4.373252132323987018e-01
9.989999999999999991e-01 3.651111111111110858e+02 -3.243639150874736421e-01
9.999999999871223011e-07 3.670000000000000000e+02 1.481654734843396160e-02
1.110008888888888989e-01 3.670000000000000000e+02 -2.542079315262605332e-01
2.220007777777777969e-01 3.670000000000000000e+02 -2.347072588680046978e-01
3.330006666666666115e-01 3.670000000000000000e+02 -1.753534687090407829e-01
4.440005555555555095e-01 3.670000000000000000e+02 -1.318748074978208784e-01
5.550004444444444074e-01 3.670000000000000000e+02 -1.256297896711798812e-01
6.660003333333333053e-01 3.670000000000000000e+02 -1.673795715938913853e-01
7.770002222222222032e-01 3.670000000000000000e+02 -2.589802175834606812e-01
8.880001111111111012e-01 3.670000000000000000e+02 -3.331026983223641658e-01
9.989999999999999991e-01 3.670000000000000000e+02 -2.413831685817747763e-01
