9.999999999871223011e-07 3.500000000000000000e+02 -5.635481643757906944e-01
1.110008888888888989e-01 3.500000000000000000e+02 -5.999198842429783740e-01
2.220007777777777969e-01 3.500000000000000000e+02 -6.361406595097429673e-01
3.330006666666666115e-01 3.500000000000000000e+02 -6.502170433435234820e-01
4.440005555555555095e-01 3.500000000000000000e+02 -6.571753021406044892e-01
5.550004444444444074e-01 3.500000000000000000e+02 -6.572310384109445458e-01
6.660003333333333053e-01 3.500000000000000000e+02 -6.719810982935130461e-01
7.770002222222222032e-01 3.500000000000000000e+02 -7.280190750622260731e-01
8.880001111111111012e-01 3.500000000000000000e+02 -7.687600214753581573e-01
9.989999999999999991e-01 3.500000000000000000e+02 -6.485872213918258966e-01
9.999999999871223011e-07 3.518888888888889142e+02 -6.271795896156264760e-01
1.110008888888888989e-01 3.518888888888889142e+02 -6.787683834006628114e-01
2.220007777777777969e-01 3.518888888888889142e+02 -7.101304760488807988e-01
3.330006666666666115e-01 3.518888888888889142e+02 -7.232232051407765372e-01
4.440005555555555095e-01 3.518888888888889142e+02 -7.321922622300965910e-01
5.550004444444444074e-01 3.518888888888889142e+02 -7.298542433808223873e-01
6.660003333333333053e-01 3.518888888888889142e+02 -7.420655427359311718e-01
7.770002222222222032e-01 3.518888888888889142e+02 -8.051677657946417765e-01
8.880001111111111012e-01 3.518888888888889142e+02 -8.608312620840354867e-01
9.989999999999999991e-01 3.518888888888889142e+02 -7.334656761407216674e-01
9.999999999871223011e-07 3.537777777777777715e+02 -6.732286866959154015e-01
1.110008888888888989e-01 3.537777777777777715e+02 -7.400677314317024580e-01
2.220007777777777969e-01 3.537777777777777715e+02 -7.653612742540989444e-01
3.330006666666666115e-01 3.537777777777777715e+02 -7.774804320817453318e-01
4.440005555555555095e-01 3.537777777777777715e+02 -7.889751090101995157e-01
5.550004444444444074e-01 3.537777777777777715e+02 -7.845515769540908346e-01
6.660003333333333053e-01 3.537777777777777715e+02 -7.935431850410066268e-01
7.770002222222222032e-01 3.537777777777777715e+02 -8.616394631611067334e-01
8.880001111111111012e-01 3.537777777777777715e+02 -9.315831664745519713e-01
9.989999999999999991e-01 3.537777777777777715e+02 -8.001484777578212748e-01
9.999999999871223011e-07 3.556666666666666856e+02 -7.029569475451682425e-01
1.110008888888888989e-01 3.556666666666666856e+02 -7.821881281731750679e-01
2.220007777777777969e-01 3.556666666666666856e+02 -8.006076046381824796e-01
3.330006666666666115e-01 3.556666666666666856e+02 -8.120372456411549811e-01
4.440005555555555095e-01 3.556666666666666856e+02 -8.265922903140783262e-01
5.550004444444444074e-01 3.556666666666666856e+02 -8.208831989204300461e-01
6.660003333333333053e-01 3.556666666666666856e+02 -8.264837153816954052e-01
7.770002222222222032e-01 3.556666666666666856e+02 -8.968648839058188660e-01
8.880001111111111012e-01 3.556666666666666856e+02 -9.779428347637331154e-01
9.989999999999999991e-01 3.556666666666666856e+02 -8.459640305193324439e-01
9.999999999871223011e-07 3.575555555555555429e+02 -7.181243311713896293e-01
1.110008888888888989e-01 3.575555555555555429e+02 -8.043105070697410541e-01
2.220007777777777969e-01 3.575555555555555429e+02 -8.157733059669959319e-01
3.330006666666666115e-01 3.575555555555555429e+02 -8.270747540344407511e-01
4.440005555555555095e-01 3.575555555555555429e+02 -8.451342813296128798e-01
5.550004444444444074e-01 3.575555555555555429e+02 -8.393354772532978236e-01
6.660003333333333053e-01 3.575555555555555429e+02 -8.420767586346481481e-01
7.770002222222222032e-01 3.575555555555555429e+02 -9.121048877308534086e-01
8.880001111111111012e-01 3.575555555555555429e+02 -9.991206018426393998e-01
9.989999999999999991e-01 3.575555555555555429e+02 -8.694711977568391204e-01
9.999999999871223011e-07 3.594444444444444571e+02 -7.196251323277063072e-01
1.110008888888888989e-01 3.594444444444444571e+02 -8.061224246679099537e-01
2.220007777777777969e-01 3.594444444444444571e+02 -8.113289376251965335e-01
3.330006666666666115e-01 3.594444444444444571e+02 -8.232489274579107841e-01
4.440005555555555095e-01 3.594444444444444571e+02 -8.450864937324741311e-01
5.550004444444444074e-01 3.594444444444444571e+02 -8.406080480065445393e-01
6.660003333333333053e-01 3.594444444444444571e+02 -8.416349132777281028e-01
7.770002222222222032e-01 3.594444444444444571e+02 -9.091749986785029325e-01
8.880001111111111012e-01 3.594444444444444571e+02 -9.959860635434578668e-01
9.989999999999999991e-01 3.594444444444444571e+02 -8.703190873634094604e-01
9.999999999871223011e-07 3.613333333333333144e+02 -7.067944017963616599e-01
1.110008888888888989e-01 3.613333333333333144e+02 -7.874125891047401016e-01
2.220007777777777969e-01 3.613333333333333144e+02 -7.876887492357899090e-01
3.330006666666666115e-01 3.613333333333333144e+02 -8.009764376665322594e-01
4.440005555555555095e-01 3.613333333333333144e+02 -8.265872508246312478e-01
5.550004444444444074e-01 3.613333333333333144e+02 -8.248099119969132254e-01
6.660003333333333053e-01 3.613333333333333144e+02 -8.255332835964804827e-01
7.770002222222222032e-01 3.613333333333333144e+02 -8.888572830400029989e-01
8.880001111111111012e-01 3.613333333333333144e+02 -9.694790985073128420e-01
9.989999999999999991e-01 3.613333333333333144e+02 -8.486441593862379396e-01
9.999999999871223011e-07 3.632222222222222285e+02 -6.775446448892645801e-01
1.110008888888888989e-01 3.632222222222222285e+02 -7.481246651981530160e-01
2.220007777777777969e-01 3.632222222222222285e+02 -7.451687668925570662e-01
3.330006666666666115e-01 3.632222222222222285e+02 -7.603680409037275600e-01
4.440005555555555095e-01 3.632222222222222285e+02 -7.893726227364250558e-01
5.550004444444444074e-01 3.632222222222222285e+02 -7.913808296223995287e-01
6.660003333333333053e-01 3.632222222222222285e+02 -7.930586053269247371e-01
7.770002222222222032e-01 3.632222222222222285e+02 -8.506058939631546689e-01
8.880001111111111012e-01 3.632222222222222285e+02 -9.201731483045755278e-01
9.989999999999999991e-01 3.632222222222222285e+02 -8.049714381860124668e-01
9.999999999871223011e-07 3.651111111111110858e+02 -6.294895018712055590e-01
1.110008888888888989e-01 3.651111111111110858e+02 -6.888651315673502973e-01
2.220007777777777969e-01 3.651111111111110858e+02 -6.844772966103156442e-01
3.330006666666666115e-01 3.651111111111110858e+02 -7.017911075434727364e-01
4.440005555555555095e-01 3.651111111111110858e+02 -7.334453476510127690e-01
5.550004444444444074e-01 3.651111111111110858e+02 -7.398156635439947504e-01
6.660003333333333053e-01 3.651111111111110858e+02 -7.432596358635997769e-01
7.770002222222222032e-01 3.651111111111110858e+02 -7.936989213919574127e-01
8.880001111111111012e-01 3.651111111111110858e+02 -8.492687356303691981e-01
9.989999999999999991e-01 3.651111111111110858e+02 -7.407265174276002062e-01
9.999999999871223011e-07 3.670000000000000000e+02 -5.616702268782111096e-01
1.110008888888888989e-01 3.670000000000000000e+02 -6.112675931436662990e-01
2.220007777777777969e-01 3.670000000000000000e+02 -6.071231986042248119e-01
3.330006666666666115e-01 3.670000000000000000e+02 -6.264048371119246283e-01
4.440005555555555095e-01 3.670000000000000000e+02 -6.597102323000100244e-01
5.550004444444444074e-01 3.670000000000000000e+02 -6.704315684653908702e-01
6.660003333333333053e-01 3.670000000000000000e+02 -6.759591130167036388e-01
7.770002222222222032e-01 3.670000000000000000e+02 -7.185007638697139543e-01
8.880001111111111012e-01 3.670000000000000000e+02 -7.593629563359440837e-01
9.989999999999999991e-01 3.670000000000000000e+02 -6.584692861014259657e-01
