9.999999999871223011e-07 3.500000000000000000e+02 -4.567431904481650817e-01
1.110008888888888989e-01 3.500000000000000000e+02 -5.969925852057282878e-01
2.220007777777777969e-01 3.500000000000000000e+02 -6.313239279409242899e-01
3.330006666666666115e-01 3.500000000000000000e+02 -6.469383227645774115e-01
4.440005555555555095e-01 3.500000000000000000e+02 -6.500840573346072793e-01
5.550004444444444074e-01 3.500000000000000000e+02 -6.448653381277801300e-01
6.660003333333333053e-01 3.500000000000000000e+02 -6.598956936471379597e-01
7.770002222222222032e-01 3.500000000000000000e+02 -7.213084675336625118e-01
8.880001111111111012e-01 3.500000000000000000e+02 -7.666359607748260974e-01
9.989999999999999991e-01 3.500000000000000000e+02 -6.416158018450263123e-01
9.999999999871223011e-07 3.518888888888889142e+02 -5.236818733363046707e-01
1.110008888888888989e-01 3.518888888888889142e+02 -6.760326797205024052e-01
2.220007777777777969e-01 3.518888888888889142e+02 -7.057349325904187509e-01
3.330006666666666115e-01 3.518888888888889142e+02 -7.201812717653913731e-01
4.440005555555555095e-01 3.518888888888889142e+02 -7.223804418158884522e-01
5.550004444444444074e-01 3.518888888888889142e+02 -7.123947710996735294e-01
6.660003333333333053e-01 3.518888888888889142e+02 -7.249929744161098810e-01
7.770002222222222032e-01 3.518888888888889142e+02 -7.947725718198808131e-01
8.880001111111111012e-01 3.518888888888889142e+02 -8.561033109840635591e-01
9.989999999999999991e-01 3.518888888888889142e+02 -7.229796910766622675e-01
9.999999999871223011e-07 3.537777777777777715e+02 -5.774232965100503101e-01
1.110008888888888989e-01 3.537777777777777715e+02 -7.374107642933654949e-01
2.220007777777777969e-01 3.537777777777777715e+02 -7.614535352353419828e-01
3.330006666666666115e-01 3.537777777777777715e+02 -7.740701519317798596e-01
4.440005555555555095e-01 3.537777777777777715e+02 -7.747412749691212630e-01
5.550004444444444074e-01 3.537777777777777715e+02 -7.596746620990069143e-01
6.660003333333333053e-01 3.537777777777777715e+02 -7.688751003888107949e-01
7.770002222222222032e-01 3.537777777777777715e+02 -8.443162263419703439e-01
8.880001111111111012e-01 3.537777777777777715e+02 -9.201823312559161971e-01
9.989999999999999991e-01 3.537777777777777715e+02 -7.828946598954705793e-01
9.999999999871223011e-07 3.556666666666666856e+02 -6.184709193681507955e-01
1.110008888888888989e-01 3.556666666666666856e+02 -7.794770363007141878e-01
2.220007777777777969e-01 3.556666666666666856e+02 -7.972143667914225462e-01
3.330006666666666115e-01 3.556666666666666856e+02 -8.075151796824151518e-01
4.440005555555555095e-01 3.556666666666666856e+02 -8.062097619600753218e-01
5.550004444444444074e-01 3.556666666666666856e+02 -7.863782065130127119e-01
6.660003333333333053e-01 3.556666666666666856e+02 -7.917225372895531077e-01
7.770002222222222032e-01 3.556666666666666856e+02 -8.693382952853232482e-01
8.880001111111111012e-01 3.556666666666666856e+02 -9.553364817115402863e-01
9.989999999999999991e-01 3.556666666666666856e+02 -8.184159369539458773e-01
9.999999999871223011e-07 3.575555555555555429e+02 -6.473358689220306550e-01
1.110008888888888989e-01 3.575555555555555429e+02 -8.014085358752846000e-01
2.220007777777777969e-01 3.575555555555555429e+02 -8.128714661159492927e-01
3.330006666666666115e-01 3.575555555555555429e+02 -8.206841913843438974e-01
4.440005555555555095e-01 3.575555555555555429e+02 -8.171866046821927299e-01
5.550004444444444074e-01 3.575555555555555429e+02 -7.935307766437813548e-01
6.660003333333333053e-01 3.575555555555555429e+02 -7.952866075188543826e-01
7.770002222222222032e-01 3.575555555555555429e+02 -8.717242182866827838e-01
8.880001111111111012e-01 3.575555555555555429e+02 -9.614614952053631702e-01
9.989999999999999991e-01 3.575555555555555429e+02 -8.286612537507241916e-01
9.999999999871223011e-07 3.594444444444444571e+02 -6.636315043202620778e-01
1.110008888888888989e-01 3.594444444444444571e+02 -8.028975687193976585e-01
2.220007777777777969e-01 3.594444444444444571e+02 -8.088345483410648296e-01
3.330006666666666115e-01 3.594444444444444571e+02 -8.143638613865671338e-01
4.440005555555555095e-01 3.594444444444444571e+02 -8.088042271748567824e-01
5.550004444444444074e-01 3.594444444444444571e+02 -7.827621942304230362e-01
6.660003333333333053e-01 3.594444444444444571e+02 -7.818109871002036915e-01
7.770002222222222032e-01 3.594444444444444571e+02 -8.544013577672285864e-01
8.880001111111111012e-01 3.594444444444444571e+02 -9.411788920854342599e-01
9.989999999999999991e-01 3.594444444444444571e+02 -8.146945917599801579e-01
9.999999999871223011e-07 3.613333333333333144e+02 -6.655006479428554611e-01
1.110008888888888989e-01 3.613333333333333144e+02 -7.837432504778987230e-01
2.220007777777777969e-01 3.613333333333333144e+02 -7.854509753278967610e-01
3.330006666666666115e-01 3.613333333333333144e+02 -7.892314567595853925e-01
4.440005555555555095e-01 3.613333333333333144e+02 -7.821148150192217541e-01
5.550004444444444074e-01 3.613333333333333144e+02 -7.554117178886712303e-01
6.660003333333333053e-01 3.613333333333333144e+02 -7.529084368618135237e-01
7.770002222222222032e-01 3.613333333333333144e+02 -8.196506124951333794e-01
8.880001111111111012e-01 3.613333333333333144e+02 -8.978372108586077927e-01
9.989999999999999991e-01 3.613333333333333144e+02 -7.786245228500696669e-01
9.999999999871223011e-07 3.632222222222222285e+02 -6.497100562375792698e-01
1.110008888888888989e-01 3.632222222222222285e+02 -7.439152012603196251e-01
2.220007777777777969e-01 3.632222222222222285e+02 -7.429801015166328515e-01
3.330006666666666115e-01 3.632222222222222285e+02 -7.457469942076797587e-01
4.440005555555555095e-01 3.632222222222222285e+02 -7.378703028704596267e-01
5.550004444444444074e-01 3.632222222222222285e+02 -7.122600243300251099e-01
6.660003333333333053e-01 3.632222222222222285e+02 -7.092931120199519324e-01
7.770002222222222032e-01 3.632222222222222285e+02 -7.686974052999749896e-01
8.880001111111111012e-01 3.632222222222222285e+02 -8.345011175561064531e-01
9.989999999999999991e-01 3.632222222222222285e+02 -7.229708371626430985e-01
9.999999999871223011e-07 3.651111111111110858e+02 -6.128160363643377906e-01
1.110008888888888989e-01 3.651111111111110858e+02 -6.840717003344199965e-01
2.220007777777777969e-01 3.651111111111110858e+02 -6.821104173838448137e-01
3.330006666666666115e-01 3.651111111111110858e+02 -6.846395261940623200e-01
4.440005555555555095e-01 3.651111111111110858e+02 -6.769120960844408064e-01
5.550004444444444074e-01 3.651111111111110858e+02 -6.539074743593202843e-01
6.660003333333333053e-01 3.651111111111110858e+02 -6.513067836998259752e-01
7.770002222222222032e-01 3.651111111111110858e+02 -7.024227449546802671e-01
8.880001111111111012e-01 3.651111111111110858e+02 -7.541459304929913898e-01
9.989999999999999991e-01 3.651111111111110858e+02 -6.505388853054931975e-01
9.999999999871223011e-07 3.670000000000000000e+02 -5.531282012419120875e-01
1.110008888888888989e-01 3.670000000000000000e+02 -6.059176956406429060e-01
2.220007777777777969e-01 3.670000000000000000e+02 -6.043830249221485706e-01
3.330006666666666115e-01 3.670000000000000000e+02 -6.073458008285648191e-01
4.440005555555555095e-01 3.670000000000000000e+02 -6.005676708653506779e-01
5.550004444444444074e-01 3.670000000000000000e+02 -5.812358823324671464e-01
6.660003333333333053e-01 3.670000000000000000e+02 -5.795462848104456777e-01
7.770002222222222032e-01 3.670000000000000000e+02 -6.220799173915055880e-01
8.880001111111111012e-01 3.670000000000000000e+02 -6.598839413666616194e-01
9.989999999999999991e-01 3.670000000000000000e+02 -5.643052625264977085e-01
