9.999999999871223011e-07 3.500000000000000000e+02 -4.274281576403937133e-01
1.110008888888888989e-01 3.500000000000000000e+02 -5.266090927697836266e-01
2.220007777777777969e-01 3.500000000000000000e+02 -5.261366252324662929e-01
3.330006666666666115e-01 3.500000000000000000e+02 -5.219096191463875600e-01
4.440005555555555095e-01 3.500000000000000000e+02 -5.288869615937726865e-01
5.550004444444444074e-01 3.500000000000000000e+02 -5.254467624874463727e-01
6.660003333333333053e-01 3.500000000000000000e+02 -5.461789572101458656e-01
7.770002222222222032e-01 3.500000000000000000e+02 -6.156453882770015484e-01
8.880001111111111012e-01 3.500000000000000000e+02 -6.643437942836412091e-01
9.989999999999999991e-01 3.500000000000000000e+02 -5.378942739204587431e-01
9.999999999871223011e-07 3.518888888888889142e+02 -4.910650010778383479e-01
1.110008888888888989e-01 3.518888888888889142e+02 -6.099010604098957788e-01
2.220007777777777969e-01 3.518888888888889142e+02 -6.015305762878040419e-01
3.330006666666666115e-01 3.518888888888889142e+02 -5.939456081683371913e-01
4.440005555555555095e-01 3.518888888888889142e+02 -6.041242056558562279e-01
5.550004444444444074e-01 3.518888888888889142e+02 -5.995054870818079529e-01
6.660003333333333053e-01 3.518888888888889142e+02 -6.186811008581872828e-01
7.770002222222222032e-01 3.518888888888889142e+02 -6.954657647383233332e-01
8.880001111111111012e-01 3.518888888888889142e+02 -7.564497918997580284e-01
9.989999999999999991e-01 3.518888888888889142e+02 -6.176074655337566721e-01
9.999999999871223011e-07 3.537777777777777715e+02 -5.387960911717364354e-01
1.110008888888888989e-01 3.537777777777777715e+02 -6.764799012891361540e-01
2.220007777777777969e-01 3.537777777777777715e+02 -6.600299342562252480e-01
3.330006666666666115e-01 3.537777777777777715e+02 -6.481507367910205319e-01
4.440005555555555095e-01 3.537777777777777715e+02 -6.618130011158356307e-01
5.550004444444444074e-01 3.537777777777777715e+02 -6.566062922415710768e-01
6.660003333333333053e-01 3.537777777777777715e+02 -6.731994440675573843e-01
7.770002222222222032e-01 3.537777777777777715e+02 -7.541112910625284993e-01
8.880001111111111012e-01 3.537777777777777715e+02 -8.249227762641522244e-01
9.989999999999999991e-01 3.537777777777777715e+02 -6.762549169062671561e-01
9.999999999871223011e-07 3.556666666666666856e+02 -5.707076916165810809e-01
1.110008888888888989e-01 3.556666666666666856e+02 -7.235452055991329345e-01
2.220007777777777969e-01 3.556666666666666856e+02 -6.995997967977045651e-01
3.330006666666666115e-01 3.556666666666666856e+02 -6.826459970945186750e-01
4.440005555555555095e-01 3.556666666666666856e+02 -6.998372271162776048e-01
5.550004444444444074e-01 3.556666666666666856e+02 -6.950149436802084413e-01
6.660003333333333053e-01 3.556666666666666856e+02 -7.083498576537771152e-01
7.770002222222222032e-01 3.556666666666666856e+02 -7.892223343617411624e-01
8.880001111111111012e-01 3.556666666666666856e+02 -8.647804012344613156e-01
9.989999999999999991e-01 3.556666666666666856e+02 -7.103300122464517585e-01
9.999999999871223011e-07 3.575555555555555429e+02 -5.873491536061146157e-01
1.110008888888888989e-01 3.575555555555555429e+02 -7.489992325854973876e-01
2.220007777777777969e-01 3.575555555555555429e+02 -7.190438055187911015e-01
3.330006666666666115e-01 3.575555555555555429e+02 -6.966414751732912247e-01
4.440005555555555095e-01 3.575555555555555429e+02 -7.170976886645561432e-01
5.550004444444444074e-01 3.575555555555555429e+02 -7.138823367802710207e-01
6.660003333333333053e-01 3.575555555555555429e+02 -7.239038813202978151e-01
7.770002222222222032e-01 3.575555555555555429e+02 -8.005202886927906825e-01
8.880001111111111012e-01 3.575555555555555429e+02 -8.740128219797986819e-01
9.989999999999999991e-01 3.575555555555555429e+02 -7.183555231811312725e-01
9.999999999871223011e-07 3.594444444444444571e+02 -5.889128354208674754e-01
1.110008888888888989e-01 3.594444444444444571e+02 -7.516214009498445314e-01
2.220007777777777969e-01 3.594444444444444571e+02 -7.178749852986253677e-01
3.330006666666666115e-01 3.594444444444444571e+02 -6.903040011647207930e-01
4.440005555555555095e-01 3.594444444444444571e+02 -7.134912020932436816e-01
5.550004444444444074e-01 3.594444444444444571e+02 -7.131013209492104155e-01
6.660003333333333053e-01 3.594444444444444571e+02 -7.203754971361870929e-01
7.770002222222222032e-01 3.594444444444444571e+02 -7.893042251101268780e-01
8.880001111111111012e-01 3.594444444444444571e+02 -8.540565301442453183e-01
9.989999999999999991e-01 3.594444444444444571e+02 -7.012039995373833268e-01
9.999999999871223011e-07 3.613333333333333144e+02 -5.747602176499426729e-01
1.110008888888888989e-01 3.613333333333333144e+02 -7.310732198790016456e-01
2.220007777777777969e-01 3.613333333333333144e+02 -6.960989001794094522e-01
3.330006666666666115e-01 3.613333333333333144e+02 -6.643955396320397888e-01
4.440005555555555095e-01 3.613333333333333144e+02 -6.896108484236425085e-01
5.550004444444444074e-01 3.613333333333333144e+02 -6.929847056973186259e-01
6.660003333333333053e-01 3.613333333333333144e+02 -6.984183306629264676e-01
7.770002222222222032e-01 3.613333333333333144e+02 -7.573543720150242020e-01
8.880001111111111012e-01 3.613333333333333144e+02 -8.085223877074207977e-01
9.989999999999999991e-01 3.613333333333333144e+02 -6.614808614097819062e-01
9.999999999871223011e-07 3.632222222222222285e+02 -5.436028439329521067e-01
1.110008888888888989e-01 3.632222222222222285e+02 -6.879975502285247124e-01
2.220007777777777969e-01 3.632222222222222285e+02 -6.542630202801827943e-01
3.330006666666666115e-01 3.632222222222222285e+02 -6.200766139907066821e-01
4.440005555555555095e-01 3.632222222222222285e+02 -6.465587592166827102e-01
5.550004444444444074e-01 3.632222222222222285e+02 -6.541683772684708797e-01
6.660003333333333053e-01 3.632222222222222285e+02 -6.586636062656464619e-01
7.770002222222222032e-01 3.632222222222222285e+02 -7.064450280252887460e-01
8.880001111111111012e-01 3.632222222222222285e+02 -7.418071415968258142e-01
9.989999999999999991e-01 3.632222222222222285e+02 -6.026591987608276302e-01
9.999999999871223011e-07 3.651111111111110858e+02 -4.943547160138762608e-01
1.110008888888888989e-01 3.651111111111110858e+02 -6.241867678040453615e-01
2.220007777777777969e-01 3.651111111111110858e+02 -5.937167259489001259e-01
3.330006666666666115e-01 3.651111111111110858e+02 -5.589425429180417959e-01
4.440005555555555095e-01 3.651111111111110858e+02 -5.859712801470161603e-01
5.550004444444444074e-01 3.651111111111110858e+02 -5.977930721046823548e-01
6.660003333333333053e-01 3.651111111111110858e+02 -6.020434288878138140e-01
7.770002222222222032e-01 3.651111111111110858e+02 -6.385805678327285406e-01
8.880001111111111012e-01 3.651111111111110858e+02 -6.583664820369261594e-01
9.989999999999999991e-01 3.651111111111110858e+02 -5.284284906253945424e-01
9.999999999871223011e-07 3.670000000000000000e+02 -4.271684617676484441e-01
1.110008888888888989e-01 3.670000000000000000e+02 -5.424851694167446281e-01
2.220007777777777969e-01 3.670000000000000000e+02 -5.166767539481087468e-01
3.330006666666666115e-01 3.670000000000000000e+02 -4.830519496458487438e-01
4.440005555555555095e-01 3.670000000000000000e+02 -5.100070323345368140e-01
5.550004444444444074e-01 3.670000000000000000e+02 -5.256110709351958787e-01
6.660003333333333053e-01 3.670000000000000000e+02 -5.300832345827295455e-01
7.770002222222222032e-01 3.670000000000000000e+02 -5.561985915904548161e-01
8.880001111111111012e-01 3.670000000000000000e+02 -5.623072064628865663e-01
9.989999999999999991e-01 3.670000000000000000e+02 -4.422481661512093210e-01
