9.999999999871223011e-07 3.500000000000000000e+02 -6.593891400704238182e-01
1.110008888888888989e-01 3.500000000000000000e+02 -6.989199901514066005e-01
2.220007777777777969e-01 3.500000000000000000e+02 -6.809958503855653156e-01
3.330006666666666115e-01 3.500000000000000000e+02 -6.687941396453414011e-01
4.440005555555555095e-01 3.500000000000000000e+02 -6.711606979811929330e-01
5.550004444444444074e-01 3.500000000000000000e+02 -6.695323814458353784e-01
6.660003333333333053e-01 3.500000000000000000e+02 -6.918484243454703364e-01
7.770002222222222032e-01 3.500000000000000000e+02 -7.647690128159352341e-01
8.880001111111111012e-01 3.500000000000000000e+02 -8.309991820436263277e-01
9.989999999999999991e-01 3.500000000000000000e+02 -7.269425161498789256e-01
9.999999999871223011e-07 3.518888888888889142e+02 -7.247798005966008539e-01
1.110008888888888989e-01 3.518888888888889142e+02 -7.784326968584979189e-01
2.220007777777777969e-01 3.518888888888889142e+02 -7.573569530748043288e-01
3.330006666666666115e-01 3.518888888888889142e+02 -7.459050550612438268e-01
4.440005555555555095e-01 3.518888888888889142e+02 -7.481514696051035918e-01
5.550004444444444074e-01 3.518888888888889142e+02 -7.412651932731175730e-01
6.660003333333333053e-01 3.518888888888889142e+02 -7.598892398592688169e-01
7.770002222222222032e-01 3.518888888888889142e+02 -8.392585530378176006e-01
8.880001111111111012e-01 3.518888888888889142e+02 -9.205121637737381235e-01
9.989999999999999991e-01 3.518888888888889142e+02 -8.090524660175599792e-01
9.999999999871223011e-07 3.537777777777777715e+02 -7.711059589668186609e-01
1.110008888888888989e-01 3.537777777777777715e+02 -8.394037289810315494e-01
2.220007777777777969e-01 3.537777777777777715e+02 -8.168262561331585125e-01
3.330006666666666115e-01 3.537777777777777715e+02 -8.068804037208159308e-01
4.440005555555555095e-01 3.537777777777777715e+02 -8.085205096382808154e-01
5.550004444444444074e-01 3.537777777777777715e+02 -7.956808245706220584e-01
6.660003333333333053e-01 3.537777777777777715e+02 -8.091944052476159888e-01
7.770002222222222032e-01 3.537777777777777715e+02 -8.918158520457839522e-01
8.880001111111111012e-01 3.537777777777777715e+02 -9.853101028091060254e-01
9.989999999999999991e-01 3.537777777777777715e+02 -8.690440018379976816e-01
9.999999999871223011e-07 3.556666666666666856e+02 -8.005528561447290414e-01
1.110008888888888989e-01 3.556666666666666856e+02 -8.811370657461146116e-01
2.220007777777777969e-01 3.556666666666666856e+02 -8.588387516352786744e-01
3.330006666666666115e-01 3.556666666666666856e+02 -8.509992703642202949e-01
4.440005555555555095e-01 3.556666666666666856e+02 -8.515355218102111934e-01
5.550004444444444074e-01 3.556666666666666856e+02 -8.326526755548917524e-01
6.660003333333333053e-01 3.556666666666666856e+02 -8.402410180335775358e-01
7.770002222222222032e-01 3.556666666666666856e+02 -9.225056559763178399e-01
8.880001111111111012e-01 3.556666666666666856e+02 -1.022911664969768264e+00
9.989999999999999991e-01 3.556666666666666856e+02 -9.046621618757684224e-01
9.999999999871223011e-07 3.575555555555555429e+02 -8.158992629931327567e-01
1.110008888888888989e-01 3.575555555555555429e+02 -9.038791029822970113e-01
2.220007777777777969e-01 3.575555555555555429e+02 -8.835611152944591318e-01
3.330006666666666115e-01 3.575555555555555429e+02 -8.781705847746420490e-01
4.440005555555555095e-01 3.575555555555555429e+02 -8.771719073693114987e-01
5.550004444444444074e-01 3.575555555555555429e+02 -8.528435084782600706e-01
6.660003333333333053e-01 3.575555555555555429e+02 -8.545732009136887131e-01
7.770002222222222032e-01 3.575555555555555429e+02 -9.333571776358415839e-01
8.880001111111111012e-01 3.575555555555555429e+02 -1.034065422299849324e+00
9.989999999999999991e-01 3.575555555555555429e+02 -9.158819757867671107e-01
9.999999999871223011e-07 3.594444444444444571e+02 -8.186038812045259849e-01
1.110008888888888989e-01 3.594444444444444571e+02 -9.080111712710384753e-01
2.220007777777777969e-01 3.594444444444444571e+02 -8.910248059780646601e-01
3.330006666666666115e-01 3.594444444444444571e+02 -8.881829804097726155e-01
4.440005555555555095e-01 3.594444444444444571e+02 -8.854320768730629121e-01
5.550004444444444074e-01 3.594444444444444571e+02 -8.569247125942235366e-01
6.660003333333333053e-01 3.594444444444444571e+02 -8.537006693736464147e-01
7.770002222222222032e-01 3.594444444444444571e+02 -9.267689550092332862e-01
8.880001111111111012e-01 3.594444444444444571e+02 -1.021365175630578825e+00
9.989999999999999991e-01 3.594444444444444571e+02 -9.042340188731077255e-01
9.999999999871223011e-07 3.613333333333333144e+02 -8.079246216742259623e-01
1.110008888888888989e-01 3.613333333333333144e+02 -8.931197706310979312e-01
2.220007777777777969e-01 3.613333333333333144e+02 -8.803528937362520290e-01
3.330006666666666115e-01 3.613333333333333144e+02 -8.799754790897057477e-01
4.440005555555555095e-01 3.613333333333333144e+02 -8.755901065271068928e-01
5.550004444444444074e-01 3.613333333333333144e+02 -8.447410503370280654e-01
6.660003333333333053e-01 3.613333333333333144e+02 -8.380055764193687917e-01
7.770002222222222032e-01 3.613333333333333144e+02 -9.037914055121156753e-01
8.880001111111111012e-01 3.613333333333333144e+02 -9.869620893203523426e-01
9.989999999999999991e-01 3.613333333333333144e+02 -8.714877407513985652e-01
9.999999999871223011e-07 3.632222222222222285e+02 -7.809831410185389400e-01
1.110008888888888989e-01 3.632222222222222285e+02 -8.580201240423270814e-01
2.220007777777777969e-01 3.632222222222222285e+02 -8.499018550312622544e-01
3.330006666666666115e-01 3.632222222222222285e+02 -8.517695160702805079e-01
4.440005555555555095e-01 3.632222222222222285e+02 -8.462375845556652232e-01
5.550004444444444074e-01 3.632222222222222285e+02 -8.152493214056262261e-01
6.660003333333333053e-01 3.632222222222222285e+02 -8.066132754276907901e-01
7.770002222222222032e-01 3.632222222222222285e+02 -8.639113332599920314e-01
8.880001111111111012e-01 3.632222222222222285e+02 -9.319916366342886338e-01
9.989999999999999991e-01 3.632222222222222285e+02 -8.191810194313060567e-01
9.999999999871223011e-07 3.651111111111110858e+02 -7.340883398174024022e-01
1.110008888888888989e-01 3.651111111111110858e+02 -8.018276566796475047e-01
2.220007777777777969e-01 3.651111111111110858e+02 -7.983804733328738745e-01
3.330006666666666115e-01 3.651111111111110858e+02 -8.021805761491512810e-01
4.440005555555555095e-01 3.651111111111110858e+02 -7.962624571733646350e-01
5.550004444444444074e-01 3.651111111111110858e+02 -7.673456377154120878e-01
6.660003333333333053e-01 3.651111111111110858e+02 -7.582900883952332638e-01
7.770002222222222032e-01 3.651111111111110858e+02 -8.062961610090457754e-01
8.880001111111111012e-01 3.651111111111110858e+02 -8.576926243861791033e-01
9.989999999999999991e-01 3.651111111111110858e+02 -7.490725535658860901e-01
9.999999999871223011e-07 3.670000000000000000e+02 -6.652128090233633273e-01
1.110008888888888989e-01 3.670000000000000000e+02 -7.250064680821509677e-01
2.220007777777777969e-01 3.670000000000000000e+02 -7.260180830587003031e-01
3.330006666666666115e-01 3.670000000000000000e+02 -7.313682205588357688e-01
4.440005555555555095e-01 3.670000000000000000e+02 -7.258502273561725504e-01
5.550004444444444074e-01 3.670000000000000000e+02 -7.008058688629774657e-01
6.660003333333333053e-01 3.670000000000000000e+02 -6.925261655627745760e-01
7.770002222222222032e-01 3.670000000000000000e+02 -7.310953083594881052e-01
8.880001111111111012e-01 3.670000000000000000e+02 -7.663200258296363199e-01
9.989999999999999991e-01 3.670000000000000000e+02 -6.634998973682819656e-01
