9.999999999871223011e-07 3.500000000000000000e+02 -8.066315913210961863e-01
1.110008888888888989e-01 3.500000000000000000e+02 -7.971098881480497278e-01
2.220007777777777969e-01 3.500000000000000000e+02 -7.963080905171107116e-01
3.330006666666666115e-01 3.500000000000000000e+02 -7.884260394201133559e-01
4.440005555555555095e-01 3.500000000000000000e+02 -7.908051666792119683e-01
5.550004444444444074e-01 3.500000000000000000e+02 -7.826899297739127181e-01
6.660003333333333053e-01 3.500000000000000000e+02 -7.900904780161341900e-01
7.770002222222222032e-01 3.500000000000000000e+02 -8.363222957584757200e-01
8.880001111111111012e-01 3.500000000000000000e+02 -8.641781993815719209e-01
9.989999999999999991e-01 3.500000000000000000e+02 -7.407607538458547136e-01
9.999999999871223011e-07 3.518888888888889142e+02 -8.698070713416277133e-01
1.110008888888888989e-01 3.518888888888889142e+02 -8.741123346764034796e-01
2.220007777777777969e-01 3.518888888888889142e+02 -8.712737284720377673e-01
3.330006666666666115e-01 3.518888888888889142e+02 -8.634020604194427850e-01
4.440005555555555095e-01 3.518888888888889142e+02 -8.660008212344575407e-01
5.550004444444444074e-01 3.518888888888889142e+02 -8.531557430178746682e-01
6.660003333333333053e-01 3.518888888888889142e+02 -8.579423083419024376e-01
7.770002222222222032e-01 3.518888888888889142e+02 -9.122837044990337318e-01
8.880001111111111012e-01 3.518888888888889142e+02 -9.561215779644346435e-01
9.989999999999999991e-01 3.518888888888889142e+02 -8.275519034688487707e-01
9.999999999871223011e-07 3.537777777777777715e+02 -9.088208042256453734e-01
1.110008888888888989e-01 3.537777777777777715e+02 -9.301678270541386961e-01
2.220007777777777969e-01 3.537777777777777715e+02 -9.270574519361152177e-01
3.330006666666666115e-01 3.537777777777777715e+02 -9.197207175734959383e-01
4.440005555555555095e-01 3.537777777777777715e+02 -9.220256643948093744e-01
5.550004444444444074e-01 3.537777777777777715e+02 -9.042158100007634536e-01
6.660003333333333053e-01 3.537777777777777715e+02 -9.058244387993013014e-01
7.770002222222222032e-01 3.537777777777777715e+02 -9.667103780416299585e-01
8.880001111111111012e-01 3.537777777777777715e+02 -1.026865169061658367e+00
9.989999999999999991e-01 3.537777777777777715e+02 -8.969504874321674315e-01
9.999999999871223011e-07 3.556666666666666856e+02 -9.281011734811508429e-01
1.110008888888888989e-01 3.556666666666666856e+02 -9.658784457526030653e-01
2.220007777777777969e-01 3.556666666666666856e+02 -9.643956716823333108e-01
3.330006666666666115e-01 3.556666666666666856e+02 -9.580042445568267562e-01
4.440005555555555095e-01 3.556666666666666856e+02 -9.594681553210878677e-01
5.550004444444444074e-01 3.556666666666666856e+02 -9.369799358496004871e-01
6.660003333333333053e-01 3.556666666666666856e+02 -9.352900783271479446e-01
7.770002222222222032e-01 3.556666666666666856e+02 -1.000490474032449617e+00
8.880001111111111012e-01 3.556666666666666856e+02 -1.074842328539520997e+00
9.989999999999999991e-01 3.556666666666666856e+02 -9.472930374757376759e-01
9.999999999871223011e-07 3.575555555555555429e+02 -9.328694478158299219e-01
1.110008888888888989e-01 3.575555555555555429e+02 -9.831467147907332338e-01
2.220007777777777969e-01 3.575555555555555429e+02 -9.851118917698324928e-01
3.330006666666666115e-01 3.575555555555555429e+02 -9.798993264190074548e-01
4.440005555555555095e-01 3.575555555555555429e+02 -9.800234107368599457e-01
5.550004444444444074e-01 3.575555555555555429e+02 -9.536136557702504790e-01
6.660003333333333053e-01 3.575555555555555429e+02 -9.491029627006070113e-01
7.770002222222222032e-01 3.575555555555555429e+02 -1.016452336911456200e+00
8.880001111111111012e-01 3.575555555555555429e+02 -1.100880166392864234e+00
9.989999999999999991e-01 3.575555555555555429e+02 -9.780252816808052696e-01
9.999999999871223011e-07 3.594444444444444571e+02 -9.261602926368182054e-01
1.110008888888888989e-01 3.594444444444444571e+02 -9.836734562900184553e-01
2.220007777777777969e-01 3.594444444444444571e+02 -9.904934612407148009e-01
3.330006666666666115e-01 3.594444444444444571e+02 -9.865913192339875737e-01
4.440005555555555095e-01 3.594444444444444571e+02 -9.850791062002474119e-01
5.550004444444444074e-01 3.594444444444444571e+02 -9.559217198225169465e-01
6.660003333333333053e-01 3.594444444444444571e+02 -9.495833984411985451e-01
7.770002222222222032e-01 3.594444444444444571e+02 -1.017316730275485082e+00
8.880001111111111012e-01 3.594444444444444571e+02 -1.106529691137612570e+00
9.989999999999999991e-01 3.594444444444444571e+02 -9.889050861288478655e-01
9.999999999871223011e-07 3.613333333333333144e+02 -9.079014028829839322e-01
1.110008888888888989e-01 3.613333333333333144e+02 -9.674576305137749799e-01
2.220007777777777969e-01 3.613333333333333144e+02 -9.799314641403986670e-01
3.330006666666666115e-01 3.613333333333333144e+02 -9.774402404554247692e-01
4.440005555555555095e-01 3.613333333333333144e+02 -9.743009451716532210e-01
5.550004444444444074e-01 3.613333333333333144e+02 -9.439697217333036239e-01
6.660003333333333053e-01 3.613333333333333144e+02 -9.370590331513460880e-01
7.770002222222222032e-01 3.613333333333333144e+02 -1.003515462460674801e+00
8.880001111111111012e-01 3.613333333333333144e+02 -1.091620362259962729e+00
9.989999999999999991e-01 3.613333333333333144e+02 -9.788503739809402138e-01
9.999999999871223011e-07 3.632222222222222285e+02 -8.750110002530480102e-01
1.110008888888888989e-01 3.632222222222222285e+02 -9.327661740471829832e-01
2.220007777777777969e-01 3.632222222222222285e+02 -9.509689301800229311e-01
3.330006666666666115e-01 3.632222222222222285e+02 -9.499749039445575249e-01
4.440005555555555095e-01 3.632222222222222285e+02 -9.455666285445896158e-01
5.550004444444444074e-01 3.632222222222222285e+02 -9.159599516380971806e-01
6.660003333333333053e-01 3.632222222222222285e+02 -9.096883659886345619e-01
7.770002222222222032e-01 3.632222222222222285e+02 -9.728796165189605993e-01
8.880001111111111012e-01 3.632222222222222285e+02 -1.053941012358797558e+00
9.989999999999999991e-01 3.632222222222222285e+02 -9.460028016888633040e-01
9.999999999871223011e-07 3.651111111111110858e+02 -8.229681191676465613e-01
1.110008888888888989e-01 3.651111111111110858e+02 -8.776129354920385595e-01
2.220007777777777969e-01 3.651111111111110858e+02 -9.008763272568240943e-01
3.330006666666666115e-01 3.651111111111110858e+02 -9.014436305853354980e-01
4.440005555555555095e-01 3.651111111111110858e+02 -8.964295648724056598e-01
5.550004444444444074e-01 3.651111111111110858e+02 -8.694936929383797475e-01
6.660003333333333053e-01 3.651111111111110858e+02 -8.647729825766411471e-01
7.770002222222222032e-01 3.651111111111110858e+02 -9.224624294535958002e-01
8.880001111111111012e-01 3.651111111111110858e+02 -9.915820860101745016e-01
9.989999999999999991e-01 3.651111111111110858e+02 -8.893058886861131551e-01
9.999999999871223011e-07 3.670000000000000000e+02 -7.490046072975905522e-01
1.110008888888888989e-01 3.670000000000000000e+02 -8.013429719567474185e-01
2.220007777777777969e-01 3.670000000000000000e+02 -8.285883711510251270e-01
3.330006666666666115e-01 3.670000000000000000e+02 -8.306994203583788483e-01
4.440005555555555095e-01 3.670000000000000000e+02 -8.258289894758613636e-01
5.550004444444444074e-01 3.670000000000000000e+02 -8.031362038476227427e-01
6.660003333333333053e-01 3.670000000000000000e+02 -8.004789611544077532e-01
7.770002222222222032e-01 3.670000000000000000e+02 -8.507937006578477623e-01
8.880001111111111012e-01 3.670000000000000000e+02 -9.053184265780533924e-01
9.989999999999999991e-01 3.670000000000000000e+02 -8.099391027568424439e-01
