9.999999999871223011e-07 3.500000000000000000e+02 -4.571793834878561391e-01
1.110008888888888989e-01 3.500000000000000000e+02 -5.977530395944357089e-01
2.220007777777777969e-01 3.500000000000000000e+02 -6.320377382153159473e-01
3.330006666666666115e-01 3.500000000000000000e+02 -6.481368827136502198e-01
4.440005555555555095e-01 3.500000000000000000e+02 -6.527468558533919829e-01
5.550004444444444074e-01 3.500000000000000000e+02 -6.481654412031837564e-01
6.660003333333333053e-01 3.500000000000000000e+02 -6.624634755636273908e-01
7.770002222222222032e-01 3.500000000000000000e+02 -7.226785555176701292e-01
8.880001111111111012e-01 3.500000000000000000e+02 -7.679091234378077058e-01
9.989999999999999991e-01 3.500000000000000000e+02 -6.449794851775227933e-01
9.999999999871223011e-07 3.518888888888889142e+02 -5.240774287034042356e-01
1.110008888888888989e-01 3.518888888888889142e+02 -6.766868349470597233e-01
2.220007777777777969e-01 3.518888888888889142e+02 -7.063616736807677432e-01
3.330006666666666115e-01 3.518888888888889142e+02 -7.212743210079893830e-01
4.440005555555555095e-01 3.518888888888889142e+02 -7.246529685234838203e-01
5.550004444444444074e-01 3.518888888888889142e+02 -7.147763244955124273e-01
6.660003333333333053e-01 3.518888888888889142e+02 -7.264314951389548858e-01
7.770002222222222032e-01 3.518888888888889142e+02 -7.956782123868968437e-01
8.880001111111111012e-01 3.518888888888889142e+02 -8.593175913200705729e-01
9.989999999999999991e-01 3.518888888888889142e+02 -7.308280049051789629e-01
9.999999999871223011e-07 3.537777777777777715e+02 -5.778280283419785501e-01
1.110008888888888989e-01 3.537777777777777715e+02 -7.380106547547843343e-01
2.220007777777777969e-01 3.537777777777777715e+02 -7.620489661892762001e-01
3.330006666666666115e-01 3.537777777777777715e+02 -7.750827517021550150e-01
4.440005555555555095e-01 3.537777777777777715e+02 -7.765796739587222941e-01
5.550004444444444074e-01 3.537777777777777715e+02 -7.612040690509180862e-01
6.660003333333333053e-01 3.537777777777777715e+02 -7.696627974895038360e-01
7.770002222222222032e-01 3.537777777777777715e+02 -8.460659410657818125e-01
8.880001111111111012e-01 3.537777777777777715e+02 -9.281818428407487831e-01
9.989999999999999991e-01 3.537777777777777715e+02 -7.984955434234420890e-01
9.999999999871223011e-07 3.556666666666666856e+02 -6.189059554243799832e-01
1.110008888888888989e-01 3.556666666666666856e+02 -7.800584154315050034e-01
2.220007777777777969e-01 3.556666666666666856e+02 -7.978137492604971959e-01
3.330006666666666115e-01 3.556666666666666856e+02 -8.084659283153803333e-01
4.440005555555555095e-01 3.556666666666666856e+02 -8.076307795952836210e-01
5.550004444444444074e-01 3.556666666666666856e+02 -7.872837261496891115e-01
6.660003333333333053e-01 3.556666666666666856e+02 -7.925607204867261002e-01
7.770002222222222032e-01 3.556666666666666856e+02 -8.734971580185739715e-01
8.880001111111111012e-01 3.556666666666666856e+02 -9.712310436317139750e-01
9.989999999999999991e-01 3.556666666666666856e+02 -8.450900653210553504e-01
9.999999999871223011e-07 3.575555555555555429e+02 -6.477898379632661685e-01
1.110008888888888989e-01 3.575555555555555429e+02 -8.019833000344396279e-01
2.220007777777777969e-01 3.575555555555555429e+02 -8.134817695848325370e-01
3.330006666666666115e-01 3.575555555555555429e+02 -8.215756926557968853e-01
4.440005555555555095e-01 3.575555555555555429e+02 -8.182551698504657578e-01
5.550004444444444074e-01 3.575555555555555429e+02 -7.941509557293769950e-01
6.660003333333333053e-01 3.575555555555555429e+02 -7.969657525477308324e-01
7.770002222222222032e-01 3.575555555555555429e+02 -8.798054365423528811e-01
8.880001111111111012e-01 3.575555555555555429e+02 -9.878234335713941272e-01
9.989999999999999991e-01 3.575555555555555429e+02 -8.689632856912433700e-01
9.999999999871223011e-07 3.594444444444444571e+02 -6.640715376863696173e-01
1.110008888888888989e-01 3.594444444444444571e+02 -8.034589741017056364e-01
2.220007777777777969e-01 3.594444444444444571e+02 -8.094423397482159999e-01
3.330006666666666115e-01 3.594444444444444571e+02 -8.151866847405780936e-01
4.440005555555555095e-01 3.594444444444444571e+02 -8.096180243527479892e-01
5.550004444444444074e-01 3.594444444444444571e+02 -7.834787747210762987e-01
6.660003333333333053e-01 3.594444444444444571e+02 -7.850763958268597298e-01
7.770002222222222032e-01 3.594444444444444571e+02 -8.675951042944534120e-01
8.880001111111111012e-01 3.594444444444444571e+02 -9.793154759356995642e-01
9.989999999999999991e-01 3.594444444444444571e+02 -8.696316262006246189e-01
9.999999999871223011e-07 3.613333333333333144e+02 -6.658922788332862774e-01
1.110008888888888989e-01 3.613333333333333144e+02 -7.842840980711972554e-01
2.220007777777777969e-01 3.613333333333333144e+02 -7.860425205059413667e-01
3.330006666666666115e-01 3.613333333333333144e+02 -7.899820236859886879e-01
4.440005555555555095e-01 3.613333333333333144e+02 -7.827972690239817233e-01
5.550004444444444074e-01 3.613333333333333144e+02 -7.565899622695622107e-01
6.660003333333333053e-01 3.613333333333333144e+02 -7.583469277185231894e-01
7.770002222222222032e-01 3.613333333333333144e+02 -8.386007077031900625e-01
8.880001111111111012e-01 3.613333333333333144e+02 -9.473752430163450144e-01
9.989999999999999991e-01 3.613333333333333144e+02 -8.472186718219797408e-01
9.999999999871223011e-07 3.632222222222222285e+02 -6.500423380275750507e-01
1.110008888888888989e-01 3.632222222222222285e+02 -7.444469163271415502e-01
2.220007777777777969e-01 3.632222222222222285e+02 -7.435608421740690366e-01
3.330006666666666115e-01 3.632222222222222285e+02 -7.464455694825193888e-01
4.440005555555555095e-01 3.632222222222222285e+02 -7.385621213919236761e-01
5.550004444444444074e-01 3.632222222222222285e+02 -7.141947686391891814e-01
6.660003333333333053e-01 3.632222222222222285e+02 -7.172336924931422830e-01
7.770002222222222032e-01 3.632222222222222285e+02 -7.933228685269909652e-01
8.880001111111111012e-01 3.632222222222222285e+02 -8.933955402313884520e-01
9.989999999999999991e-01 3.632222222222222285e+02 -8.023738894763132734e-01
9.999999999871223011e-07 3.651111111111110858e+02 -6.131215947714532266e-01
1.110008888888888989e-01 3.651111111111110858e+02 -6.846311224205096080e-01
2.220007777777777969e-01 3.651111111111110858e+02 -6.827119620846764381e-01
3.330006666666666115e-01 3.651111111111110858e+02 -6.853343700856786569e-01
4.440005555555555095e-01 3.651111111111110858e+02 -6.777502190640327662e-01
5.550004444444444074e-01 3.651111111111110858e+02 -6.567753404840682707e-01
6.660003333333333053e-01 3.651111111111110858e+02 -6.617555903324270350e-01
7.770002222222222032e-01 3.651111111111110858e+02 -7.318975050291377515e-01
8.880001111111111012e-01 3.651111111111110858e+02 -8.192251640781275102e-01
9.989999999999999991e-01 3.651111111111110858e+02 -7.367562078678241422e-01
9.999999999871223011e-07 3.670000000000000000e+02 -5.534775123148816256e-01
1.110008888888888989e-01 3.670000000000000000e+02 -6.065600024707733517e-01
2.220007777777777969e-01 3.670000000000000000e+02 -6.050560562279307941e-01
3.330006666666666115e-01 3.670000000000000000e+02 -6.081016156742714562e-01
4.440005555555555095e-01 3.670000000000000000e+02 -6.016582071434918300e-01
5.550004444444444074e-01 3.670000000000000000e+02 -5.850711340905462299e-01
6.660003333333333053e-01 3.670000000000000000e+02 -5.921945998324256166e-01
7.770002222222222032e-01 3.670000000000000000e+02 -6.550362234632499669e-01
8.880001111111111012e-01 3.670000000000000000e+02 -7.277080932660360268e-01
9.989999999999999991e-01 3.670000000000000000e+02 -6.531853850415857421e-01
