9.999999999871223011e-07 3.500000000000000000e+02 -6.638753942089024029e-01
1.110008888888888989e-01 3.500000000000000000e+02 -7.011063923964083733e-01
2.220007777777777969e-01 3.500000000000000000e+02 -6.817881977846196317e-01
3.330006666666666115e-01 3.500000000000000000e+02 -6.701283732543210636e-01
4.440005555555555095e-01 3.500000000000000000e+02 -6.737369387338860705e-01
5.550004444444444074e-01 3.500000000000000000e+02 -6.726329430421659206e-01
6.660003333333333053e-01 3.500000000000000000e+02 -6.942772705521997878e-01
7.770002222222222032e-01 3.500000000000000000e+02 -7.660543950639755462e-01
8.880001111111111012e-01 3.500000000000000000e+02 -8.319851247091645252e-01
9.989999999999999991e-01 3.500000000000000000e+02 -7.296554705372642058e-01
9.999999999871223011e-07 3.518888888888889142e+02 -7.334050992977392269e-01
1.110008888888888989e-01 3.518888888888889142e+02 -7.803261194251948085e-01
2.220007777777777969e-01 3.518888888888889142e+02 -7.580331367161065037e-01
3.330006666666666115e-01 3.518888888888889142e+02 -7.471298512527286828e-01
4.440005555555555095e-01 3.518888888888889142e+02 -7.504192578198499719e-01
5.550004444444444074e-01 3.518888888888889142e+02 -7.436177606677547569e-01
6.660003333333333053e-01 3.518888888888889142e+02 -7.613244065249988868e-01
7.770002222222222032e-01 3.518888888888889142e+02 -8.399654512307778154e-01
8.880001111111111012e-01 3.518888888888889142e+02 -9.227749376228679967e-01
9.989999999999999991e-01 3.518888888888889142e+02 -8.153446054101092244e-01
9.999999999871223011e-07 3.537777777777777715e+02 -7.858698176577583183e-01
1.110008888888888989e-01 3.537777777777777715e+02 -8.410320897507723714e-01
2.220007777777777969e-01 3.537777777777777715e+02 -8.174788382612495630e-01
3.330006666666666115e-01 3.537777777777777715e+02 -8.080481066466859152e-01
4.440005555555555095e-01 3.537777777777777715e+02 -8.104654477171171489e-01
5.550004444444444074e-01 3.537777777777777715e+02 -7.973309323597613796e-01
6.660003333333333053e-01 3.537777777777777715e+02 -8.099897287882249497e-01
7.770002222222222032e-01 3.537777777777777715e+02 -8.929552909728692978e-01
8.880001111111111012e-01 3.537777777777777715e+02 -9.911189019816289969e-01
9.989999999999999991e-01 3.537777777777777715e+02 -8.816459938711709299e-01
9.999999999871223011e-07 3.556666666666666856e+02 -8.233519329614081839e-01
1.110008888888888989e-01 3.556666666666666856e+02 -8.825324347507628175e-01
2.220007777777777969e-01 3.556666666666666856e+02 -8.595190659449718495e-01
3.330006666666666115e-01 3.556666666666666856e+02 -8.521315821019724845e-01
4.440005555555555095e-01 3.556666666666666856e+02 -8.531588927215648654e-01
5.550004444444444074e-01 3.556666666666666856e+02 -8.337419054261903106e-01
6.660003333333333053e-01 3.556666666666666856e+02 -8.409112847114178502e-01
7.770002222222222032e-01 3.556666666666666856e+02 -9.253017175504024694e-01
8.880001111111111012e-01 3.556666666666666856e+02 -1.034781166703154565e+00
9.989999999999999991e-01 3.556666666666666856e+02 -9.263320753532835461e-01
9.999999999871223011e-07 3.575555555555555429e+02 -8.483122878445127357e-01
1.110008888888888989e-01 3.575555555555555429e+02 -9.050597577149656070e-01
2.220007777777777969e-01 3.575555555555555429e+02 -8.842649118393174357e-01
3.330006666666666115e-01 3.575555555555555429e+02 -8.792456636593154462e-01
4.440005555555555095e-01 3.575555555555555429e+02 -8.784804866802405909e-01
5.550004444444444074e-01 3.575555555555555429e+02 -8.535814022388474864e-01
6.660003333333333053e-01 3.575555555555555429e+02 -8.557095969974672922e-01
7.770002222222222032e-01 3.575555555555555429e+02 -9.390358560914906505e-01
8.880001111111111012e-01 3.575555555555555429e+02 -1.054177500657806688e+00
9.989999999999999991e-01 3.575555555555555429e+02 -9.487614254478342612e-01
9.999999999871223011e-07 3.594444444444444571e+02 -8.616848306633670962e-01
1.110008888888888989e-01 3.594444444444444571e+02 -9.089781953731221886e-01
2.220007777777777969e-01 3.594444444444444571e+02 -8.917072456470791497e-01
3.330006666666666115e-01 3.594444444444444571e+02 -8.891478604685169040e-01
4.440005555555555095e-01 3.594444444444444571e+02 -8.864410696776011678e-01
5.550004444444444074e-01 3.594444444444444571e+02 -8.575617316218859809e-01
6.660003333333333053e-01 3.594444444444444571e+02 -8.558933673558527522e-01
7.770002222222222032e-01 3.594444444444444571e+02 -9.363792896394866894e-01
8.880001111111111012e-01 3.594444444444444571e+02 -1.051048100805697549e+00
9.989999999999999991e-01 3.594444444444444571e+02 -9.492602073799361051e-01
9.999999999871223011e-07 3.613333333333333144e+02 -8.618846265642057247e-01
1.110008888888888989e-01 3.613333333333333144e+02 -8.938827749085395125e-01
2.220007777777777969e-01 3.613333333333333144e+02 -8.809685650041010341e-01
3.330006666666666115e-01 3.613333333333333144e+02 -8.807845695534620711e-01
4.440005555555555095e-01 3.613333333333333144e+02 -8.763478018729236041e-01
5.550004444444444074e-01 3.613333333333333144e+02 -8.455531452670839165e-01
6.660003333333333053e-01 3.613333333333333144e+02 -8.417781011157842164e-01
7.770002222222222032e-01 3.613333333333333144e+02 -9.180371281772531367e-01
8.880001111111111012e-01 3.613333333333333144e+02 -1.026293751748715621e+00
9.989999999999999991e-01 3.613333333333333144e+02 -9.280136196377234414e-01
9.999999999871223011e-07 3.632222222222222285e+02 -8.446786376038430966e-01
1.110008888888888989e-01 3.632222222222222285e+02 -8.586331648978944298e-01
2.220007777777777969e-01 3.632222222222222285e+02 -8.504474249045219647e-01
3.330006666666666115e-01 3.632222222222222285e+02 -8.524284908082973011e-01
4.440005555555555095e-01 3.632222222222222285e+02 -8.468513966440117668e-01
5.550004444444444074e-01 3.632222222222222285e+02 -8.165152880090287280e-01
6.660003333333333053e-01 3.632222222222222285e+02 -8.123412045201737763e-01
7.770002222222222032e-01 3.632222222222222285e+02 -8.829496191106591674e-01
8.880001111111111012e-01 3.632222222222222285e+02 -9.795900354025461887e-01
9.989999999999999991e-01 3.632222222222222285e+02 -8.849447475225747928e-01
9.999999999871223011e-07 3.651111111111110858e+02 -8.046211546036023954e-01
1.110008888888888989e-01 3.651111111111110858e+02 -8.024014599427146122e-01
2.220007777777777969e-01 3.651111111111110858e+02 -7.989142253873758870e-01
3.330006666666666115e-01 3.651111111111110858e+02 -8.027664835111346653e-01
4.440005555555555095e-01 3.651111111111110858e+02 -7.968948684969230367e-01
5.550004444444444074e-01 3.651111111111110858e+02 -7.692993255585701684e-01
6.660003333333333053e-01 3.651111111111110858e+02 -7.661094164188203548e-01
7.770002222222222032e-01 3.651111111111110858e+02 -8.296134782034976229e-01
8.880001111111111012e-01 3.651111111111110858e+02 -9.109786120238937412e-01
9.989999999999999991e-01 3.651111111111110858e+02 -8.206983924888736626e-01
9.999999999871223011e-07 3.670000000000000000e+02 -7.384462597794091421e-01
1.110008888888888989e-01 3.670000000000000000e+02 -7.256846055075100166e-01
2.220007777777777969e-01 3.670000000000000000e+02 -7.266456907881604366e-01
3.330006666666666115e-01 3.670000000000000000e+02 -7.320109909446642638e-01
4.440005555555555095e-01 3.670000000000000000e+02 -7.266781472680362564e-01
5.550004444444444074e-01 3.670000000000000000e+02 -7.035807603535123578e-01
6.660003333333333053e-01 3.670000000000000000e+02 -7.022866476178797335e-01
7.770002222222222032e-01 3.670000000000000000e+02 -7.576038492543057945e-01
8.880001111111111012e-01 3.670000000000000000e+02 -8.222587515271121417e-01
9.989999999999999991e-01 3.670000000000000000e+02 -7.373705783329217445e-01
