9.999999999871223011e-07 3.500000000000000000e+02 -2.181715040810796591e-01
1.110008888888888989e-01 3.500000000000000000e+02 -2.951610879429733547e-01
2.220007777777777969e-01 3.500000000000000000e+02 -2.790155280018205008e-01
3.330006666666666115e-01 3.500000000000000000e+02 -2.703034672438120456e-01
4.440005555555555095e-01 3.500000000000000000e+02 -2.758924879153805687e-01
5.550004444444444074e-01 3.500000000000000000e+02 -2.822312975533464163e-01
6.660003333333333053e-01 3.500000000000000000e+02 -3.219741748657136693e-01
7.770002222222222032e-01 3.500000000000000000e+02 -3.930378689797122682e-01
8.880001111111111012e-01 3.500000000000000000e+02 -3.980336470609929789e-01
9.989999999999999991e-01 3.500000000000000000e+02 -2.256453283414366906e-01
9.999999999871223011e-07 3.518888888888889142e+02 -2.604159278208660333e-01
1.110008888888888989e-01 3.518888888888889142e+02 -3.843897037061025923e-01
2.220007777777777969e-01 3.518888888888889142e+02 -3.571392509245089331e-01
3.330006666666666115e-01 3.518888888888889142e+02 -3.490732404380539888e-01
4.440005555555555095e-01 3.518888888888889142e+02 -3.588163662375462026e-01
5.550004444444444074e-01 3.518888888888889142e+02 -3.630256091104783200e-01
6.660003333333333053e-01 3.518888888888889142e+02 -4.025347082427999101e-01
7.770002222222222032e-01 3.518888888888889142e+02 -4.846313216739105423e-01
8.880001111111111012e-01 3.518888888888889142e+02 -5.007477503696551313e-01
9.989999999999999991e-01 3.518888888888889142e+02 -3.116236765855692203e-01
9.999999999871223011e-07 3.537777777777777715e+02 -2.818674554542451305e-01
1.110008888888888989e-01 3.537777777777777715e+02 -4.571348222894769942e-01
2.220007777777777969e-01 3.537777777777777715e+02 -4.195740729065702279e-01
3.330006666666666115e-01 3.537777777777777715e+02 -4.129380795473892585e-01
4.440005555555555095e-01 3.537777777777777715e+02 -4.279126989085906274e-01
5.550004444444444074e-01 3.537777777777777715e+02 -4.297866080888599338e-01
6.660003333333333053e-01 3.537777777777777715e+02 -4.669560987440312116e-01
7.770002222222222032e-01 3.537777777777777715e+02 -5.575865066204065412e-01
8.880001111111111012e-01 3.537777777777777715e+02 -5.856368159700691134e-01
9.989999999999999991e-01 3.537777777777777715e+02 -3.830331716267768583e-01
9.999999999871223011e-07 3.556666666666666856e+02 -2.833321073382492616e-01
1.110008888888888989e-01 3.556666666666666856e+02 -5.081088291971974646e-01
2.220007777777777969e-01 3.556666666666666856e+02 -4.626320508244210483e-01
3.330006666666666115e-01 3.556666666666666856e+02 -4.582316388791187745e-01
4.440005555555555095e-01 3.556666666666666856e+02 -4.793969416050541943e-01
5.550004444444444074e-01 3.556666666666666856e+02 -4.792045288985226081e-01
6.660003333333333053e-01 3.556666666666666856e+02 -5.118633644280732309e-01
7.770002222222222032e-01 3.556666666666666856e+02 -6.065384170554686261e-01
8.880001111111111012e-01 3.556666666666666856e+02 -6.453104715203983321e-01
9.989999999999999991e-01 3.556666666666666856e+02 -4.351983887917607596e-01
9.999999999871223011e-07 3.575555555555555429e+02 -2.669378489389177544e-01
1.110008888888888989e-01 3.575555555555555429e+02 -5.328956680657257472e-01
2.220007777777777969e-01 3.575555555555555429e+02 -4.834175952953260191e-01
3.330006666666666115e-01 3.575555555555555429e+02 -4.819264295969393208e-01
4.440005555555555095e-01 3.575555555555555429e+02 -5.098448417390486487e-01
5.550004444444444074e-01 3.575555555555555429e+02 -5.084393956196869846e-01
6.660003333333333053e-01 3.575555555555555429e+02 -5.349127006002251106e-01
7.770002222222222032e-01 3.575555555555555429e+02 -6.277978007966360519e-01
8.880001111111111012e-01 3.575555555555555429e+02 -6.734002734288400127e-01
9.989999999999999991e-01 3.575555555555555429e+02 -4.640094689168096087e-01
9.999999999871223011e-07 3.594444444444444571e+02 -2.352277464700994192e-01
1.110008888888888989e-01 3.594444444444444571e+02 -5.291959134220990402e-01
2.220007777777777969e-01 3.594444444444444571e+02 -4.804307373323705166e-01
3.330006666666666115e-01 3.594444444444444571e+02 -4.822852819560529136e-01
4.440005555555555095e-01 3.594444444444444571e+02 -5.168822766301203187e-01
5.550004444444444074e-01 3.594444444444444571e+02 -5.156013343803393933e-01
6.660003333333333053e-01 3.594444444444444571e+02 -5.351893676973146219e-01
7.770002222222222032e-01 3.594444444444444571e+02 -6.205127586744317858e-01
8.880001111111111012e-01 3.594444444444444571e+02 -6.670395219062870140e-01
9.989999999999999991e-01 3.594444444444444571e+02 -4.669868122798436216e-01
9.999999999871223011e-07 3.613333333333333144e+02 -1.905154167218517380e-01
1.110008888888888989e-01 3.613333333333333144e+02 -4.975968525866751868e-01
2.220007777777777969e-01 3.613333333333333144e+02 -4.538872135655409590e-01
3.330006666666666115e-01 3.613333333333333144e+02 -4.592611696329658155e-01
4.440005555555555095e-01 3.613333333333333144e+02 -4.997742962204969608e-01
5.550004444444444074e-01 3.613333333333333144e+02 -5.001191466219296888e-01
6.660003333333333053e-01 3.613333333333333144e+02 -5.131656892224245592e-01
7.770002222222222032e-01 3.613333333333333144e+02 -5.865602376160777842e-01
8.880001111111111012e-01 3.613333333333333144e+02 -6.280236217689807443e-01
9.989999999999999991e-01 3.613333333333333144e+02 -4.440362649166299525e-01
9.999999999871223011e-07 3.632222222222222285e+02 -1.347146681606238294e-01
1.110008888888888989e-01 3.632222222222222285e+02 -4.413634890682707201e-01
2.220007777777777969e-01 3.632222222222222285e+02 -4.056915437371925170e-01
3.330006666666666115e-01 3.632222222222222285e+02 -4.145039984537421951e-01
4.440005555555555095e-01 3.632222222222222285e+02 -4.596559190826146057e-01
5.550004444444444074e-01 3.632222222222222285e+02 -4.629063130027499806e-01
6.660003333333333053e-01 3.632222222222222285e+02 -4.704770001970227655e-01
7.770002222222222032e-01 3.632222222222222285e+02 -5.296294042840177241e-01
8.880001111111111012e-01 3.632222222222222285e+02 -5.618285066133674732e-01
9.989999999999999991e-01 3.632222222222222285e+02 -3.974774976287702710e-01
9.999999999871223011e-07 3.651111111111110858e+02 -6.943986402132595881e-02
1.110008888888888989e-01 3.651111111111110858e+02 -3.654097478553067768e-01
2.220007777777777969e-01 3.651111111111110858e+02 -3.390462715685069739e-01
3.330006666666666115e-01 3.651111111111110858e+02 -3.509825105470004702e-01
4.440005555555555095e-01 3.651111111111110858e+02 -3.992717942602894698e-01
5.550004444444444074e-01 3.651111111111110858e+02 -4.062316070496918563e-01
6.660003333333333053e-01 3.651111111111110858e+02 -4.096946579306222080e-01
7.770002222222222032e-01 3.651111111111110858e+02 -4.542829592108507120e-01
8.880001111111111012e-01 3.651111111111110858e+02 -4.754593274599008268e-01
9.989999999999999991e-01 3.651111111111110858e+02 -3.313209681729859524e-01
9.999999999871223011e-07 3.670000000000000000e+02 3.807069426152054348e-03
1.110008888888888989e-01 3.670000000000000000e+02 -2.750763355734533455e-01
2.220007777777777969e-01 3.670000000000000000e+02 -2.577894608658226616e-01
3.330006666666666115e-01 3.670000000000000000e+02 -2.723607056434019791e-01
4.440005555555555095e-01 3.670000000000000000e+02 -3.223196958745215834e-01
5.550004444444444074e-01 3.670000000000000000e+02 -3.332557677432120835e-01
6.660003333333333053e-01 3.670000000000000000e+02 -3.339819899903118117e-01
7.770002222222222032e-01 3.670000000000000000e+02 -3.651594222854206429e-01
8.880001111111111012e-01 3.670000000000000000e+02 -3.755191589260498120e-01
9.989999999999999991e-01 3.670000000000000000e+02 -2.501795702452964676e-01
