9.999999999871223011e-07 3.500000000000000000e+02 1.141105856387488182e-01
1.110008888888888989e-01 3.500000000000000000e+02 1.123903587357052980e-01
2.220007777777777969e-01 3.500000000000000000e+02 -9.337668375313468161e-03
3.330006666666666115e-01 3.500000000000000000e+02 8.933934878225258114e-02
4.440005555555555095e-01 3.500000000000000000e+02 8.578680480637435046e-02
5.550004444444444074e-01 3.500000000000000000e+02 -2.324567932010035420e-02
6.660003333333333053e-01 3.500000000000000000e+02 -1.503178791400405778e-01
7.770002222222222032e-01 3.500000000000000000e+02 -2.297078042386724306e-01
8.880001111111111012e-01 3.500000000000000000e+02 -1.317184829583560868e-01
9.989999999999999991e-01 3.500000000000000000e+02 1.524403234321640710e-01
9.999999999871223011e-07 3.518888888888889142e+02 5.379725976747201655e-02
1.110008888888888989e-01 3.518888888888889142e+02 2.659305153577484759e-03
2.220007777777777969e-01 3.518888888888889142e+02 -9.646230918227949314e-02
3.330006666666666115e-01 3.518888888888889142e+02 9.730404219025268198e-03
4.440005555555555095e-01 3.518888888888889142e+02 -3.640399888649170634e-04
5.550004444444444074e-01 3.518888888888889142e+02 -1.112910949355407908e-01
6.660003333333333053e-01 3.518888888888889142e+02 -2.406681636957237469e-01
7.770002222222222032e-01 3.518888888888889142e+02 -3.380690037530890146e-01
8.880001111111111012e-01 3.518888888888889142e+02 -2.491095024916933909e-01
9.989999999999999991e-01 3.518888888888889142e+02 6.035883068350217373e-02
9.999999999871223011e-07 3.537777777777777715e+02 5.269437736278803630e-03
1.110008888888888989e-01 3.537777777777777715e+02 -9.180372329531338860e-02
2.220007777777777969e-01 3.537777777777777715e+02 -1.584172024814483049e-01
3.330006666666666115e-01 3.537777777777777715e+02 -4.956937415509610201e-02
4.440005555555555095e-01 3.537777777777777715e+02 -7.069034894666259561e-02
5.550004444444444074e-01 3.537777777777777715e+02 -1.826074491612197370e-01
6.660003333333333053e-01 3.537777777777777715e+02 -3.091498311107854224e-01
7.770002222222222032e-01 3.537777777777777715e+02 -4.216797086730069699e-01
8.880001111111111012e-01 3.537777777777777715e+02 -3.483895563627334990e-01
9.989999999999999991e-01 3.537777777777777715e+02 -2.033102591960767036e-02
9.999999999871223011e-07 3.556666666666666856e+02 -3.036905823820451600e-02
1.110008888888888989e-01 3.556666666666666856e+02 -1.610424901367391026e-01
2.220007777777777969e-01 3.556666666666666856e+02 -1.873621628514795523e-01
3.330006666666666115e-01 3.556666666666666856e+02 -8.245724528179654289e-02
4.440005555555555095e-01 3.556666666666666856e+02 -1.191241987953912673e-01
5.550004444444444074e-01 3.556666666666666856e+02 -2.314723507672136193e-01
6.660003333333333053e-01 3.556666666666666856e+02 -3.495598587458995654e-01
7.770002222222222032e-01 3.556666666666666856e+02 -4.702177651612496900e-01
8.880001111111111012e-01 3.556666666666666856e+02 -4.186453991970718880e-01
9.989999999999999991e-01 3.556666666666666856e+02 -8.417921268802275314e-02
9.999999999871223011e-07 3.575555555555555429e+02 -5.218437273782311481e-02
1.110008888888888989e-01 3.575555555555555429e+02 -1.955216224737607034e-01
2.220007777777777969e-01 3.575555555555555429e+02 -1.792862724904525917e-01
3.330006666666666115e-01 3.575555555555555429e+02 -8.514738071832728128e-02
4.440005555555555095e-01 3.575555555555555429e+02 -1.406096197760728916e-01
5.550004444444444074e-01 3.575555555555555429e+02 -2.533421151512091907e-01
6.660003333333333053e-01 3.575555555555555429e+02 -3.585194669018618718e-01
7.770002222222222032e-01 3.575555555555555429e+02 -4.773899176213814988e-01
8.880001111111111012e-01 3.575555555555555429e+02 -4.501084158653042566e-01
9.989999999999999991e-01 3.575555555555555429e+02 -1.256606923483244431e-01
9.999999999871223011e-07 3.594444444444444571e+02 -5.933051681670131750e-02
1.110008888888888989e-01 3.594444444444444571e+02 -1.898486165423519667e-01
2.220007777777777969e-01 3.594444444444444571e+02 -1.355958972252878647e-01
3.330006666666666115e-01 3.594444444444444571e+02 -5.744552442641759349e-02
4.440005555555555095e-01 3.594444444444444571e+02 -1.327353295555923074e-01
5.550004444444444074e-01 3.594444444444444571e+02 -2.462885000379815281e-01
6.660003333333333053e-01 3.594444444444444571e+02 -3.367078930931960423e-01
7.770002222222222032e-01 3.594444444444444571e+02 -4.445234923181224929e-01
8.880001111111111012e-01 3.594444444444444571e+02 -4.384097709035432722e-01
9.989999999999999991e-01 3.594444444444444571e+02 -1.405747370381377204e-01
9.999999999871223011e-07 3.613333333333333144e+02 -5.097397600852004995e-02
1.110008888888888989e-01 3.613333333333333144e+02 -1.452919041619952223e-01
2.220007777777777969e-01 3.613333333333333144e+02 -6.259887959483623199e-02
3.330006666666666115e-01 3.613333333333333144e+02 -2.827930042392123866e-03
4.440005555555555095e-01 3.613333333333333144e+02 -9.662185521257182774e-02
5.550004444444444074e-01 3.613333333333333144e+02 -2.117038387403812338e-01
6.660003333333333053e-01 3.613333333333333144e+02 -2.882515205580186146e-01
7.770002222222222032e-01 3.613333333333333144e+02 -3.793046154380397272e-01
8.880001111111111012e-01 3.613333333333333144e+02 -3.868845299873571175e-01
9.989999999999999991e-01 3.613333333333333144e+02 -1.274405706675062477e-01
9.999999999871223011e-07 3.632222222222222285e+02 -2.642480401386293476e-02
1.110008888888888989e-01 3.632222222222222285e+02 -6.923104571738825097e-02
2.220007777777777969e-01 3.632222222222222285e+02 3.094866237749382964e-02
3.330006666666666115e-01 3.632222222222222285e+02 7.272387661035284445e-02
4.440005555555555095e-01 3.632222222222222285e+02 -3.651510715738348622e-02
5.550004444444444074e-01 3.632222222222222285e+02 -1.537790459336164650e-01
6.660003333333333053e-01 3.632222222222222285e+02 -2.190649554317540826e-01
7.770002222222222032e-01 3.632222222222222285e+02 -2.916197475790786031e-01
8.880001111111111012e-01 3.632222222222222285e+02 -3.048111525250054576e-01
9.989999999999999991e-01 3.632222222222222285e+02 -8.798892735620100769e-02
9.999999999871223011e-07 3.651111111111110858e+02 1.450854803711926211e-02
1.110008888888888989e-01 3.651111111111110858e+02 2.800124118263302986e-02
2.220007777777777969e-01 3.651111111111110858e+02 1.366601490535980790e-01
3.330006666666666115e-01 3.651111111111110858e+02 1.625554235171248196e-01
4.440005555555555095e-01 3.651111111111110858e+02 4.165460724593378350e-02
5.550004444444444074e-01 3.651111111111110858e+02 -7.807973417492630741e-02
6.660003333333333053e-01 3.651111111111110858e+02 -1.352208871771023446e-01
7.770002222222222032e-01 3.651111111111110858e+02 -1.903308655989327525e-01
8.880001111111111012e-01 3.651111111111110858e+02 -2.030790997229638961e-01
9.989999999999999991e-01 3.651111111111110858e+02 -2.645397717792385972e-02
9.999999999871223011e-07 3.670000000000000000e+02 7.116674952129381504e-02
1.110008888888888989e-01 3.670000000000000000e+02 1.365151221028479966e-01
2.220007777777777969e-01 3.670000000000000000e+02 2.480056852095109399e-01
3.330006666666666115e-01 3.670000000000000000e+02 2.607916247782947061e-01
4.440005555555555095e-01 3.670000000000000000e+02 1.318996535995932695e-01
5.550004444444444074e-01 3.670000000000000000e+02 9.899788184929536605e-03
6.660003333333333053e-01 3.670000000000000000e+02 -4.188756644410140950e-02
7.770002222222222032e-01 3.670000000000000000e+02 -8.197354764399433780e-02
8.880001111111111012e-01 3.670000000000000000e+02 -9.076614136257421528e-02
9.989999999999999991e-01 3.670000000000000000e+02 5.176790098695321918e-02
