9.999999999871223011e-07 3.500000000000000000e+02 1.247006760357927346e+00
1.110008888888888989e-01 3.500000000000000000e+02 2.730901408465291058e-01
2.220007777777777969e-01 3.500000000000000000e+02 6.231052926253960456e-02
3.330006666666666115e-01 3.500000000000000000e+02 2.237289212574698483e-01
4.440005555555555095e-01 3.500000000000000000e+02 2.096179971566385358e-01
5.550004444444444074e-01 3.500000000000000000e+02 5.965062694119399600e-02
6.660003333333333053e-01 3.500000000000000000e+02 -9.362652401990312345e-02
7.770002222222222032e-01 3.500000000000000000e+02 -1.860215698394950268e-01
8.880001111111111012e-01 3.500000000000000000e+02 -2.897353214216980000e-02
9.989999999999999991e-01 3.500000000000000000e+02 3.397698876399635748e-01
9.999999999871223011e-07 3.518888888888889142e+02 1.132362091699990136e+00
1.110008888888888989e-01 3.518888888888889142e+02 1.187255232933969173e-01
2.220007777777777969e-01 3.518888888888889142e+02 -4.126165578372509302e-02
3.330006666666666115e-01 3.518888888888889142e+02 1.155017590924143356e-01
4.440005555555555095e-01 3.518888888888889142e+02 9.622411988496187840e-02
5.550004444444444074e-01 3.518888888888889142e+02 -2.140301378519493536e-02
6.660003333333333053e-01 3.518888888888889142e+02 -1.592548497471288904e-01
7.770002222222222032e-01 3.518888888888889142e+02 -3.016204451342912041e-01
8.880001111111111012e-01 3.518888888888889142e+02 -1.880932451666196270e-01
9.989999999999999991e-01 3.518888888888889142e+02 2.202019928921197800e-01
9.999999999871223011e-07 3.537777777777777715e+02 9.968617975380498208e-01
1.110008888888888989e-01 3.537777777777777715e+02 -1.103062043464153597e-02
2.220007777777777969e-01 3.537777777777777715e+02 -1.170268211770422173e-01
3.330006666666666115e-01 3.537777777777777715e+02 3.178946257058468117e-02
4.440005555555555095e-01 3.537777777777777715e+02 1.776690011559400872e-02
5.550004444444444074e-01 3.537777777777777715e+02 -4.812878534840481226e-02
6.660003333333333053e-01 3.537777777777777715e+02 -1.562035741320176863e-01
7.770002222222222032e-01 3.537777777777777715e+02 -3.475395297589449761e-01
8.880001111111111012e-01 3.537777777777777715e+02 -3.193627373977149242e-01
9.989999999999999991e-01 3.537777777777777715e+02 1.089022860818211758e-01
9.999999999871223011e-07 3.556666666666666856e+02 8.489773326875129644e-01
1.110008888888888989e-01 3.556666666666666856e+02 -9.054600156541603440e-02
2.220007777777777969e-01 3.556666666666666856e+02 -1.546798852227994070e-01
3.330006666666666115e-01 3.556666666666666856e+02 -1.568357150382271303e-02
4.440005555555555095e-01 3.556666666666666856e+02 -1.131301137578233362e-02
5.550004444444444074e-01 3.556666666666666856e+02 -1.572843759035802425e-02
6.660003333333333053e-01 3.556666666666666856e+02 -8.679715358887241106e-02
7.770002222222222032e-01 3.556666666666666856e+02 -3.102473891816773799e-01
8.880001111111111012e-01 3.556666666666666856e+02 -3.994879111888065548e-01
9.989999999999999991e-01 3.556666666666666856e+02 1.265300971029770238e-02
9.999999999871223011e-07 3.575555555555555429e+02 6.978911444854236645e-01
1.110008888888888989e-01 3.575555555555555429e+02 -9.921291939566423412e-02
2.220007777777777969e-01 3.575555555555555429e+02 -1.481602033223695658e-01
3.330006666666666115e-01 3.575555555555555429e+02 -1.798485905505387006e-02
4.440005555555555095e-01 3.575555555555555429e+02 1.449578212041735537e-02
5.550004444444444074e-01 3.575555555555555429e+02 6.719266723937789010e-02
6.660003333333333053e-01 3.575555555555555429e+02 2.907274353486499763e-02
7.770002222222222032e-01 3.575555555555555429e+02 -2.055066008639747643e-01
8.880001111111111012e-01 3.575555555555555429e+02 -4.099345812945073275e-01
9.989999999999999991e-01 3.575555555555555429e+02 -5.983690063028535011e-02
9.999999999871223011e-07 3.594444444444444571e+02 5.521581823502432762e-01
1.110008888888888989e-01 3.594444444444444571e+02 -3.453713072308628451e-02
2.220007777777777969e-01 3.594444444444444571e+02 -9.821067425465468403e-02
3.330006666666666115e-01 3.594444444444444571e+02 2.615876072284861742e-02
4.440005555555555095e-01 3.594444444444444571e+02 8.877192196547106784e-02
5.550004444444444074e-01 3.594444444444444571e+02 1.837219423758523762e-01
6.660003333333333053e-01 3.594444444444444571e+02 1.684555087625519976e-01
7.770002222222222032e-01 3.594444444444444571e+02 -6.399572462026181796e-02
8.880001111111111012e-01 3.594444444444444571e+02 -3.500407835750769525e-01
9.989999999999999991e-01 3.594444444444444571e+02 -9.932317723708228296e-02
9.999999999871223011e-07 3.613333333333333144e+02 4.208676576637526145e-01
1.110008888888888989e-01 3.613333333333333144e+02 8.642589390740335054e-02
2.220007777777777969e-01 3.613333333333333144e+02 -1.204296900620005495e-02
3.330006666666666115e-01 3.613333333333333144e+02 1.093904124834128022e-01
4.440005555555555095e-01 3.613333333333333144e+02 1.977136666768442019e-01
5.550004444444444074e-01 3.613333333333333144e+02 3.174403239313967617e-01
6.660003333333333053e-01 3.613333333333333144e+02 3.148447576428865524e-01
7.770002222222222032e-01 3.613333333333333144e+02 9.001885058905167991e-02
8.880001111111111012e-01 3.613333333333333144e+02 -2.382731359406389249e-01
9.989999999999999991e-01 3.613333333333333144e+02 -9.921705865728080997e-02
9.999999999871223011e-07 3.632222222222222285e+02 3.157075797718862376e-01
1.110008888888888989e-01 3.632222222222222285e+02 2.392303565016680733e-01
2.220007777777777969e-01 3.632222222222222285e+02 9.965362395116478256e-02
3.330006666666666115e-01 3.632222222222222285e+02 2.197766465723344220e-01
4.440005555555555095e-01 3.632222222222222285e+02 3.263915384953133270e-01
5.550004444444444074e-01 3.632222222222222285e+02 4.566656515751472689e-01
6.660003333333333053e-01 3.632222222222222285e+02 4.588119835739268848e-01
7.770002222222222032e-01 3.632222222222222285e+02 2.431200084628970526e-01
8.880001111111111012e-01 3.632222222222222285e+02 -9.849549219520692400e-02
9.989999999999999991e-01 3.632222222222222285e+02 -5.905430165216862815e-02
9.999999999871223011e-07 3.651111111111110858e+02 2.508859210108140836e-01
1.110008888888888989e-01 3.651111111111110858e+02 4.041489842397201770e-01
2.220007777777777969e-01 3.651111111111110858e+02 2.265078158985498469e-01
3.330006666666666115e-01 3.651111111111110858e+02 3.456741137870403269e-01
4.440005555555555095e-01 3.651111111111110858e+02 4.632553893504842701e-01
5.550004444444444074e-01 3.651111111111110858e+02 5.942689191285177586e-01
6.660003333333333053e-01 3.651111111111110858e+02 5.957569399464771598e-01
7.770002222222222032e-01 3.651111111111110858e+02 3.893006333100422212e-01
8.880001111111111012e-01 3.651111111111110858e+02 5.170633262743606906e-02
9.989999999999999991e-01 3.651111111111110858e+02 1.521736984403709858e-02
9.999999999871223011e-07 3.670000000000000000e+02 2.368738868859606161e-01
1.110008888888888989e-01 3.670000000000000000e+02 5.685380589683273200e-01
2.220007777777777969e-01 3.670000000000000000e+02 3.603771541641617726e-01
3.330006666666666115e-01 3.670000000000000000e+02 4.781203029259014081e-01
4.440005555555555095e-01 3.670000000000000000e+02 6.007629788360654421e-01
5.550004444444444074e-01 3.670000000000000000e+02 7.262871425584822571e-01
6.660003333333333053e-01 3.670000000000000000e+02 7.238385716974450323e-01
7.770002222222222032e-01 3.670000000000000000e+02 5.264683978715065660e-01
8.880001111111111012e-01 3.670000000000000000e+02 2.025135106960065379e-01
9.989999999999999991e-01 3.670000000000000000e+02 1.145025818974275134e-01
