9.999999999871223011e-07 3.500000000000000000e+02 4.002857769463591397e-02
1.110008888888888989e-01 3.500000000000000000e+02 -1.681856154698768702e-02
2.220007777777777969e-01 3.500000000000000000e+02 -3.882420150379595203e-02
3.330006666666666115e-01 3.500000000000000000e+02 3.884204982285632823e-02
4.440005555555555095e-01 3.500000000000000000e+02 3.987356971030231456e-02
5.550004444444444074e-01 3.500000000000000000e+02 -5.869310689022444461e-02
6.660003333333333053e-01 3.500000000000000000e+02 -1.799753124826102280e-01
7.770002222222222032e-01 3.500000000000000000e+02 -2.495942358108170778e-01
8.880001111111111012e-01 3.500000000000000000e+02 -1.495981286890112338e-01
9.989999999999999991e-01 3.500000000000000000e+02 1.159675550578638248e-01
9.999999999871223011e-07 3.518888888888889142e+02 -9.551437322878941760e-03
1.110008888888888989e-01 3.518888888888889142e+02 -1.071651529757586818e-01
2.220007777777777969e-01 3.518888888888889142e+02 -1.326618697875374675e-01
3.330006666666666115e-01 3.518888888888889142e+02 -5.389725119479416016e-02
4.440005555555555095e-01 3.518888888888889142e+02 -4.682739811808211972e-02
5.550004444444444074e-01 3.518888888888889142e+02 -1.425457057593240151e-01
6.660003333333333053e-01 3.518888888888889142e+02 -2.690928320507126603e-01
7.770002222222222032e-01 3.518888888888889142e+02 -3.579002148840827457e-01
8.880001111111111012e-01 3.518888888888889142e+02 -2.633666828415047734e-01
9.989999999999999991e-01 3.518888888888889142e+02 2.727027895001288282e-02
9.999999999871223011e-07 3.537777777777777715e+02 -4.631635768798669783e-02
1.110008888888888989e-01 3.537777777777777715e+02 -1.807902564208963003e-01
2.220007777777777969e-01 3.537777777777777715e+02 -2.135241927894050429e-01
3.330006666666666115e-01 3.537777777777777715e+02 -1.379724434590380300e-01
4.440005555555555095e-01 3.537777777777777715e+02 -1.229870575176965630e-01
5.550004444444444074e-01 3.537777777777777715e+02 -2.111132044148724685e-01
6.660003333333333053e-01 3.537777777777777715e+02 -3.370481145072795615e-01
7.770002222222222032e-01 3.537777777777777715e+02 -4.427813637504607325e-01
8.880001111111111012e-01 3.537777777777777715e+02 -3.593562575938563652e-01
9.989999999999999991e-01 3.537777777777777715e+02 -4.950391570200418645e-02
9.999999999871223011e-07 3.556666666666666856e+02 -7.011249162610128094e-02
1.110008888888888989e-01 3.556666666666666856e+02 -2.309933534187122994e-01
2.220007777777777969e-01 3.556666666666666856e+02 -2.751375264863817893e-01
3.330006666666666115e-01 3.556666666666666856e+02 -2.085655570939828340e-01
4.440005555555555095e-01 3.556666666666666856e+02 -1.841364588583038753e-01
5.550004444444444074e-01 3.556666666666666856e+02 -2.596738765823259909e-01
6.660003333333333053e-01 3.556666666666666856e+02 -3.777129509584465916e-01
7.770002222222222032e-01 3.556666666666666856e+02 -4.940003843936446870e-01
8.880001111111111012e-01 3.556666666666666856e+02 -4.272373095605018767e-01
9.989999999999999991e-01 3.556666666666666856e+02 -1.090914523886878928e-01
9.999999999871223011e-07 3.575555555555555429e+02 -8.102447112891442149e-02
1.110008888888888989e-01 3.575555555555555429e+02 -2.523541364166201895e-01
2.220007777777777969e-01 3.575555555555555429e+02 -3.112090914248899498e-01
3.330006666666666115e-01 3.575555555555555429e+02 -2.600540723904070095e-01
4.440005555555555095e-01 3.575555555555555429e+02 -2.256187425084111853e-01
5.550004444444444074e-01 3.575555555555555429e+02 -2.844323948044723549e-01
6.660003333333333053e-01 3.575555555555555429e+02 -3.875462910933826777e-01
7.770002222222222032e-01 3.575555555555555429e+02 -5.046783306044438921e-01
8.880001111111111012e-01 3.575555555555555429e+02 -4.578552953470734765e-01
9.989999999999999991e-01 3.575555555555555429e+02 -1.463783318578577575e-01
9.999999999871223011e-07 3.594444444444444571e+02 -7.912057030382924072e-02
1.110008888888888989e-01 3.594444444444444571e+02 -2.425185591089136228e-01
2.220007777777777969e-01 3.594444444444444571e+02 -3.172050475223854304e-01
3.330006666666666115e-01 3.594444444444444571e+02 -2.869738041472960077e-01
4.440005555555555095e-01 3.594444444444444571e+02 -2.435182957870365428e-01
5.550004444444444074e-01 3.594444444444444571e+02 -2.835404451817086224e-01
6.660003333333333053e-01 3.594444444444444571e+02 -3.670011424844987769e-01
7.770002222222222032e-01 3.594444444444444571e+02 -4.750099604648918561e-01
8.880001111111111012e-01 3.594444444444444571e+02 -4.470989978869343018e-01
9.989999999999999991e-01 3.594444444444444571e+02 -1.577273197831682294e-01
9.999999999871223011e-07 3.613333333333333144e+02 -6.427888860750796685e-02
1.110008888888888989e-01 3.613333333333333144e+02 -2.030574294772214961e-01
2.220007777777777969e-01 3.613333333333333144e+02 -2.919507403838998982e-01
3.330006666666666115e-01 3.613333333333333144e+02 -2.855214210861143354e-01
4.440005555555555095e-01 3.613333333333333144e+02 -2.357522432284562264e-01
5.550004444444444074e-01 3.613333333333333144e+02 -2.576295651731951297e-01
6.660003333333333053e-01 3.613333333333333144e+02 -3.200841379342640458e-01
7.770002222222222032e-01 3.613333333333333144e+02 -4.119084730853821430e-01
8.880001111111111012e-01 3.613333333333333144e+02 -3.979185570182269815e-01
9.989999999999999991e-01 3.613333333333333144e+02 -1.421429864740295645e-01
9.999999999871223011e-07 3.632222222222222285e+02 -3.624520437928713257e-02
1.110008888888888989e-01 3.632222222222222285e+02 -1.388867945289182781e-01
2.220007777777777969e-01 3.632222222222222285e+02 -2.381024651369884060e-01
3.330006666666666115e-01 3.632222222222222285e+02 -2.549601348578374171e-01
4.440005555555555095e-01 3.632222222222222285e+02 -2.027917552803888412e-01
5.550004444444444074e-01 3.632222222222222285e+02 -2.095711759950498188e-01
6.660003333333333053e-01 3.632222222222222285e+02 -2.526331291533296941e-01
7.770002222222222032e-01 3.632222222222222285e+02 -3.252497767614993540e-01
8.880001111111111012e-01 3.632222222222222285e+02 -3.188328640754034549e-01
9.989999999999999991e-01 3.632222222222222285e+02 -1.015598211584874955e-01
9.999999999871223011e-07 3.651111111111110858e+02 5.099664149967875204e-03
1.110008888888888989e-01 3.651111111111110858e+02 -5.660894429871377032e-02
2.220007777777777969e-01 3.651111111111110858e+02 -1.612119398852344121e-01
3.330006666666666115e-01 3.651111111111110858e+02 -1.980162891062603459e-01
4.440005555555555095e-01 3.651111111111110858e+02 -1.475508864488468408e-01
5.550004444444444074e-01 3.651111111111110858e+02 -1.436094723559482311e-01
6.660003333333333053e-01 3.651111111111110858e+02 -1.706206177692909387e-01
7.770002222222222032e-01 3.651111111111110858e+02 -2.242824125500627597e-01
8.880001111111111012e-01 3.651111111111110858e+02 -2.201166092923018125e-01
9.989999999999999991e-01 3.651111111111110858e+02 -4.012936180884296711e-02
9.999999999871223011e-07 3.670000000000000000e+02 5.944006041680621744e-02
1.110008888888888989e-01 3.670000000000000000e+02 3.722053531932478787e-02
2.220007777777777969e-01 3.670000000000000000e+02 -6.794090032673461010e-02
3.330006666666666115e-01 3.670000000000000000e+02 -1.199114954676884226e-01
4.440005555555555095e-01 3.670000000000000000e+02 -7.449138354140083518e-02
5.550004444444444074e-01 3.670000000000000000e+02 -6.431969119402003443e-02
6.660003333333333053e-01 3.670000000000000000e+02 -7.912356620567140286e-02
7.770002222222222032e-01 3.670000000000000000e+02 -1.159394888507889743e-01
8.880001111111111012e-01 3.670000000000000000e+02 -1.105670698692980958e-01
9.989999999999999991e-01 3.670000000000000000e+02 3.700398905125934501e-02
