9.999999999871223011e-07 3.500000000000000000e+02 -5.695567827013283679e-01
1.110008888888888989e-01 3.500000000000000000e+02 -6.020130765971538622e-01
2.220007777777777969e-01 3.500000000000000000e+02 -6.363343600518888143e-01
3.330006666666666115e-01 3.500000000000000000e+02 -6.504568982630645202e-01
4.440005555555555095e-01 3.500000000000000000e+02 -6.574001965808647929e-01
5.550004444444444074e-01 3.500000000000000000e+02 -6.573773942964881156e-01
6.660003333333333053e-01 3.500000000000000000e+02 -6.720430847479033076e-01
7.770002222222222032e-01 3.500000000000000000e+02 -7.280706553197644482e-01
8.880001111111111012e-01 3.500000000000000000e+02 -7.689291246904118582e-01
9.989999999999999991e-01 3.500000000000000000e+02 -6.488170447831190790e-01
9.999999999871223011e-07 3.518888888888889142e+02 -6.385384335161905511e-01
1.110008888888888989e-01 3.518888888888889142e+02 -6.805364150117090283e-01
2.220007777777777969e-01 3.518888888888889142e+02 -7.102395017704327129e-01
3.330006666666666115e-01 3.518888888888889142e+02 -7.233985199863214310e-01
4.440005555555555095e-01 3.518888888888889142e+02 -7.323557699771352514e-01
5.550004444444444074e-01 3.518888888888889142e+02 -7.299374142953725109e-01
6.660003333333333053e-01 3.518888888888889142e+02 -7.420596192432309390e-01
7.770002222222222032e-01 3.518888888888889142e+02 -8.051489112220557853e-01
8.880001111111111012e-01 3.518888888888889142e+02 -8.609455185111642983e-01
9.989999999999999991e-01 3.518888888888889142e+02 -7.336522069972301052e-01
9.999999999871223011e-07 3.537777777777777715e+02 -6.922390254187855696e-01
1.110008888888888989e-01 3.537777777777777715e+02 -7.414790889185516320e-01
2.220007777777777969e-01 3.537777777777777715e+02 -7.654517619242203752e-01
3.330006666666666115e-01 3.537777777777777715e+02 -7.776501064120406870e-01
4.440005555555555095e-01 3.537777777777777715e+02 -7.891375668699477375e-01
5.550004444444444074e-01 3.537777777777777715e+02 -7.846382572769511343e-01
6.660003333333333053e-01 3.537777777777777715e+02 -7.935444221249929875e-01
7.770002222222222032e-01 3.537777777777777715e+02 -8.616353005221121242e-01
8.880001111111111012e-01 3.537777777777777715e+02 -9.317271378158982209e-01
9.989999999999999991e-01 3.537777777777777715e+02 -8.003536227314576035e-01
9.999999999871223011e-07 3.556666666666666856e+02 -7.318243648816978864e-01
1.110008888888888989e-01 3.556666666666666856e+02 -7.832422170329164102e-01
2.220007777777777969e-01 3.556666666666666856e+02 -8.007215840479315894e-01
3.330006666666666115e-01 3.556666666666666856e+02 -8.122295750343814236e-01
4.440005555555555095e-01 3.556666666666666856e+02 -8.267843715529350490e-01
5.550004444444444074e-01 3.556666666666666856e+02 -8.210093943029510566e-01
6.660003333333333053e-01 3.556666666666666856e+02 -8.265331785168728018e-01
7.770002222222222032e-01 3.556666666666666856e+02 -8.969236562109339506e-01
8.880001111111111012e-01 3.556666666666666856e+02 -9.781667989623376025e-01
9.989999999999999991e-01 3.556666666666666856e+02 -8.462223822125494177e-01
9.999999999871223011e-07 3.575555555555555429e+02 -7.586741000777610378e-01
1.110008888888888989e-01 3.575555555555555429e+02 -8.050339405662589876e-01
2.220007777777777969e-01 3.575555555555555429e+02 -8.159179444558140037e-01
3.330006666666666115e-01 3.575555555555555429e+02 -8.272803939894320946e-01
4.440005555555555095e-01 3.575555555555555429e+02 -8.453487324960836657e-01
5.550004444444444074e-01 3.575555555555555429e+02 -8.394978357540092695e-01
6.660003333333333053e-01 3.575555555555555429e+02 -8.421715186101456085e-01
7.770002222222222032e-01 3.575555555555555429e+02 -9.122217794068525620e-01
8.880001111111111012e-01 3.575555555555555429e+02 -9.994149083015166912e-01
9.989999999999999991e-01 3.575555555555555429e+02 -8.697752939003078332e-01
9.999999999871223011e-07 3.594444444444444571e+02 -7.729987707828734900e-01
1.110008888888888989e-01 3.594444444444444571e+02 -8.065623901885349278e-01
2.220007777777777969e-01 3.594444444444444571e+02 -8.114849416314329211e-01
3.330006666666666115e-01 3.594444444444444571e+02 -8.234341610346552764e-01
4.440005555555555095e-01 3.594444444444444571e+02 -8.452890031566813178e-01
5.550004444444444074e-01 3.594444444444444571e+02 -8.407737846734896214e-01
6.660003333333333053e-01 3.594444444444444571e+02 -8.417393901609940832e-01
7.770002222222222032e-01 3.594444444444444571e+02 -9.093044859368298871e-01
8.880001111111111012e-01 3.594444444444444571e+02 -9.962913964623912877e-01
9.989999999999999991e-01 3.594444444444444571e+02 -8.706273739215575347e-01
9.999999999871223011e-07 3.613333333333333144e+02 -7.730415513719863796e-01
1.110008888888888989e-01 3.613333333333333144e+02 -7.876386965666682949e-01
2.220007777777777969e-01 3.613333333333333144e+02 -7.878342312318767915e-01
3.330006666666666115e-01 3.613333333333333144e+02 -8.011104714290331330e-01
4.440005555555555095e-01 3.613333333333333144e+02 -8.267435188725354989e-01
5.550004444444444074e-01 3.613333333333333144e+02 -8.249433164224365678e-01
6.660003333333333053e-01 3.613333333333333144e+02 -8.256081709641746036e-01
7.770002222222222032e-01 3.613333333333333144e+02 -8.889496234967847466e-01
8.880001111111111012e-01 3.613333333333333144e+02 -9.697314753400895215e-01
9.989999999999999991e-01 3.613333333333333144e+02 -8.489121275960637147e-01
9.999999999871223011e-07 3.632222222222222285e+02 -7.550871906623208840e-01
1.110008888888888989e-01 3.632222222222222285e+02 -7.482329330121677557e-01
2.220007777777777969e-01 3.632222222222222285e+02 -7.453027460673729010e-01
3.330006666666666115e-01 3.632222222222222285e+02 -7.604485335028005055e-01
4.440005555555555095e-01 3.632222222222222285e+02 -7.894759246615138393e-01
5.550004444444444074e-01 3.632222222222222285e+02 -7.914713317278058158e-01
6.660003333333333053e-01 3.632222222222222285e+02 -7.930908043204990543e-01
7.770002222222222032e-01 3.632222222222222285e+02 -8.506441117170289168e-01
8.880001111111111012e-01 3.632222222222222285e+02 -9.203500717680546117e-01
9.989999999999999991e-01 3.632222222222222285e+02 -8.051846062411536220e-01
9.999999999871223011e-07 3.651111111111110858e+02 -7.148439696661641474e-01
1.110008888888888989e-01 3.651111111111110858e+02 -6.889692678097072420e-01
2.220007777777777969e-01 3.651111111111110858e+02 -6.846291402628736922e-01
3.330006666666666115e-01 3.651111111111110858e+02 -7.018539280321404172e-01
4.440005555555555095e-01 3.651111111111110858e+02 -7.335284526404368677e-01
5.550004444444444074e-01 3.651111111111110858e+02 -7.398913159743890633e-01
6.660003333333333053e-01 3.651111111111110858e+02 -7.432768570595834623e-01
7.770002222222222032e-01 3.651111111111110858e+02 -7.937143480691226660e-01
8.880001111111111012e-01 3.651111111111110858e+02 -8.494046063938175406e-01
9.989999999999999991e-01 3.651111111111110858e+02 -7.409124325455144211e-01
9.999999999871223011e-07 3.670000000000000000e+02 -6.501224281816729844e-01
1.110008888888888989e-01 3.670000000000000000e+02 -6.114772929683295333e-01
2.220007777777777969e-01 3.670000000000000000e+02 -6.073461182819049897e-01
3.330006666666666115e-01 3.670000000000000000e+02 -6.265153233743826489e-01
4.440005555555555095e-01 3.670000000000000000e+02 -6.598375394517433934e-01
5.550004444444444074e-01 3.670000000000000000e+02 -6.705529915368021454e-01
6.660003333333333053e-01 3.670000000000000000e+02 -6.760240316850112396e-01
7.770002222222222032e-01 3.670000000000000000e+02 -7.185628435607113174e-01
8.880001111111111012e-01 3.670000000000000000e+02 -7.595306137245320111e-01
9.989999999999999991e-01 3.670000000000000000e+02 -6.586850963984397511e-01
