9.999999999871223011e-07 3.500000000000000000e+02 -4.246120911895501782e-01
1.110008888888888989e-01 3.500000000000000000e+02 -5.169240387873771381e-01
2.220007777777777969e-01 3.500000000000000000e+02 -5.194398041152827883e-01
3.330006666666666115e-01 3.500000000000000000e+02 -5.145477295164769815e-01
4.440005555555555095e-01 3.500000000000000000e+02 -5.207678531480767203e-01
5.550004444444444074e-01 3.500000000000000000e+02 -5.166078784690844028e-01
6.660003333333333053e-01 3.500000000000000000e+02 -5.282198066657843860e-01
7.770002222222222032e-01 3.500000000000000000e+02 -5.715313492958055130e-01
8.880001111111111012e-01 3.500000000000000000e+02 -5.739564639386341982e-01
9.989999999999999991e-01 3.500000000000000000e+02 -4.199868311255481323e-01
9.999999999871223011e-07 3.518888888888889142e+02 -4.885181033732353129e-01
1.110008888888888989e-01 3.518888888888889142e+02 -5.945806439713434699e-01
2.220007777777777969e-01 3.518888888888889142e+02 -5.925110706906250302e-01
3.330006666666666115e-01 3.518888888888889142e+02 -5.872364209366159882e-01
4.440005555555555095e-01 3.518888888888889142e+02 -5.965038007066059134e-01
5.550004444444444074e-01 3.518888888888889142e+02 -5.918110514581328419e-01
6.660003333333333053e-01 3.518888888888889142e+02 -6.033348972487917461e-01
7.770002222222222032e-01 3.518888888888889142e+02 -6.558568706950869132e-01
8.880001111111111012e-01 3.518888888888889142e+02 -6.700647288925902778e-01
9.989999999999999991e-01 3.518888888888889142e+02 -5.038751149028883880e-01
9.999999999871223011e-07 3.537777777777777715e+02 -5.363937546018022751e-01
1.110008888888888989e-01 3.537777777777777715e+02 -6.519884619354520128e-01
2.220007777777777969e-01 3.537777777777777715e+02 -6.465817391143159343e-01
3.330006666666666115e-01 3.537777777777777715e+02 -6.417536535949857068e-01
4.440005555555555095e-01 3.537777777777777715e+02 -6.546112210446011215e-01
5.550004444444444074e-01 3.537777777777777715e+02 -6.499379064521769722e-01
6.660003333333333053e-01 3.537777777777777715e+02 -6.606570552699091436e-01
7.770002222222222032e-01 3.537777777777777715e+02 -7.207733154207003334e-01
8.880001111111111012e-01 3.537777777777777715e+02 -7.474388896013091088e-01
9.989999999999999991e-01 3.537777777777777715e+02 -5.721035961002433057e-01
9.999999999871223011e-07 3.556666666666666856e+02 -5.683678240306453411e-01
1.110008888888888989e-01 3.556666666666666856e+02 -6.862941231465905512e-01
2.220007777777777969e-01 3.556666666666666856e+02 -6.794367647018236811e-01
3.330006666666666115e-01 3.556666666666666856e+02 -6.760467295744841953e-01
4.440005555555555095e-01 3.556666666666666856e+02 -6.928840288579816153e-01
5.550004444444444074e-01 3.556666666666666856e+02 -6.890733107591398010e-01
6.660003333333333053e-01 3.556666666666666856e+02 -6.983650959550801174e-01
7.770002222222222032e-01 3.556666666666666856e+02 -7.630607114051146667e-01
8.880001111111111012e-01 3.556666666666666856e+02 -8.006416808884587732e-01
9.989999999999999991e-01 3.556666666666666856e+02 -6.208241125235953728e-01
9.999999999871223011e-07 3.575555555555555429e+02 -5.850604203281862814e-01
1.110008888888888989e-01 3.575555555555555429e+02 -6.961808491348094874e-01
2.220007777777777969e-01 3.575555555555555429e+02 -6.901498696859961202e-01
3.330006666666666115e-01 3.575555555555555429e+02 -6.892277247803120233e-01
4.440005555555555095e-01 3.575555555555555429e+02 -7.101754335059935475e-01
5.550004444444444074e-01 3.575555555555555429e+02 -7.082469709569125804e-01
6.660003333333333053e-01 3.575555555555555429e+02 -7.158375959531758648e-01
7.770002222222222032e-01 3.575555555555555429e+02 -7.812489973806121535e-01
8.880001111111111012e-01 3.575555555555555429e+02 -8.256256885933288547e-01
9.989999999999999991e-01 3.575555555555555429e+02 -6.468875860335451256e-01
9.999999999871223011e-07 3.594444444444444571e+02 -5.867161499117388157e-01
1.110008888888888989e-01 3.594444444444444571e+02 -6.820575635867865971e-01
2.220007777777777969e-01 3.594444444444444571e+02 -6.790011148179684319e-01
3.330006666666666115e-01 3.594444444444444571e+02 -6.814714045593825986e-01
4.440005555555555095e-01 3.594444444444444571e+02 -7.063780457409755131e-01
5.550004444444444074e-01 3.594444444444444571e+02 -7.073276754792202636e-01
6.660003333333333053e-01 3.594444444444444571e+02 -7.133826840395643964e-01
7.770002222222222032e-01 3.594444444444444571e+02 -7.756359842247068093e-01
8.880001111111111012e-01 3.594444444444444571e+02 -8.209710061430040007e-01
9.989999999999999991e-01 3.594444444444444571e+02 -6.485496215114163743e-01
9.999999999871223011e-07 3.613333333333333144e+02 -5.727040400723600877e-01
1.110008888888888989e-01 3.613333333333333144e+02 -6.457056691902732792e-01
2.220007777777777969e-01 3.613333333333333144e+02 -6.471387683699872939e-01
3.330006666666666115e-01 3.613333333333333144e+02 -6.536643338390613067e-01
4.440005555555555095e-01 3.613333333333333144e+02 -6.821093117041178155e-01
5.550004444444444074e-01 3.613333333333333144e+02 -6.866888209496225803e-01
6.660003333333333053e-01 3.613333333333333144e+02 -6.916585689355303490e-01
7.770002222222222032e-01 3.613333333333333144e+02 -7.475155254071326194e-01
8.880001111111111012e-01 3.613333333333333144e+02 -7.879612220388807486e-01
9.989999999999999991e-01 3.613333333333333144e+02 -6.258370461244407990e-01
9.999999999871223011e-07 3.632222222222222285e+02 -5.416920133946223626e-01
1.110008888888888989e-01 3.632222222222222285e+02 -5.897542760472436196e-01
2.220007777777777969e-01 3.632222222222222285e+02 -5.963461118600345001e-01
3.330006666666666115e-01 3.632222222222222285e+02 -6.071917732104016308e-01
4.440005555555555095e-01 3.632222222222222285e+02 -6.385201914877236540e-01
5.550004444444444074e-01 3.632222222222222285e+02 -6.470804169603213696e-01
6.660003333333333053e-01 3.632222222222222285e+02 -6.514439731983525661e-01
7.770002222222222032e-01 3.632222222222222285e+02 -6.986475100110196568e-01
8.880001111111111012e-01 3.632222222222222285e+02 -7.299299964398385798e-01
9.989999999999999991e-01 3.632222222222222285e+02 -5.805189402745671856e-01
9.999999999871223011e-07 3.651111111111110858e+02 -4.925143666969186151e-01
1.110008888888888989e-01 3.651111111111110858e+02 -5.172717243241944374e-01
2.220007777777777969e-01 3.651111111111110858e+02 -5.289447411996803794e-01
3.330006666666666115e-01 3.651111111111110858e+02 -5.439243826871478227e-01
4.440005555555555095e-01 3.651111111111110858e+02 -5.773232318679749620e-01
5.550004444444444074e-01 3.651111111111110858e+02 -5.897872323944755024e-01
6.660003333333333053e-01 3.651111111111110858e+02 -5.938913354276450507e-01
7.770002222222222032e-01 3.651111111111110858e+02 -6.313212070806081266e-01
8.880001111111111012e-01 3.651111111111110858e+02 -6.514415807534448266e-01
9.989999999999999991e-01 3.651111111111110858e+02 -5.157190177932591268e-01
9.999999999871223011e-07 3.670000000000000000e+02 -4.252567569694177818e-01
1.110008888888888989e-01 3.670000000000000000e+02 -4.314784034284794290e-01
2.220007777777777969e-01 3.670000000000000000e+02 -4.476245247089740698e-01
3.330006666666666115e-01 3.670000000000000000e+02 -4.661742674740173564e-01
4.440005555555555095e-01 3.670000000000000000e+02 -5.007697663213691586e-01
5.550004444444444074e-01 3.670000000000000000e+02 -5.167128980240207614e-01
6.660003333333333053e-01 3.670000000000000000e+02 -5.207726967869642509e-01
7.770002222222222032e-01 3.670000000000000000e+02 -5.484113085168813573e-01
8.880001111111111012e-01 3.670000000000000000e+02 -5.573847985193715049e-01
9.989999999999999991e-01 3.670000000000000000e+02 -4.352233574295141239e-01
