9.999999999871223011e-07 3.500000000000000000e+02 2.886036712869505250e-02
1.110008888888888989e-01 3.500000000000000000e+02 -5.401749301691316507e-02
2.220007777777777969e-01 3.500000000000000000e+02 -5.692637127979194300e-02
3.330006666666666115e-01 3.500000000000000000e+02 8.218062121491120919e-04
4.440005555555555095e-01 3.500000000000000000e+02 -1.669675740927356600e-04
5.550004444444444074e-01 3.500000000000000000e+02 -8.588768757248932406e-02
6.660003333333333053e-01 3.500000000000000000e+02 -2.109386402970031549e-01
7.770002222222222032e-01 3.500000000000000000e+02 -3.447958488819928835e-01
8.880001111111111012e-01 3.500000000000000000e+02 -3.792517399946784273e-01
9.989999999999999991e-01 3.500000000000000000e+02 -1.903514358400371087e-01
9.999999999871223011e-07 3.518888888888889142e+02 -1.985036939626966257e-02
1.110008888888888989e-01 3.518888888888889142e+02 -1.542700771958664951e-01
2.220007777777777969e-01 3.518888888888889142e+02 -1.522482944786355263e-01
3.330006666666666115e-01 3.518888888888889142e+02 -8.913410956258938089e-02
4.440005555555555095e-01 3.518888888888889142e+02 -8.593633433945435662e-02
5.550004444444444074e-01 3.518888888888889142e+02 -1.687686570756726789e-01
6.660003333333333053e-01 3.518888888888889142e+02 -2.952752789622898888e-01
7.770002222222222032e-01 3.518888888888889142e+02 -4.405271840510371906e-01
8.880001111111111012e-01 3.518888888888889142e+02 -4.804004566993059777e-01
9.989999999999999991e-01 3.518888888888889142e+02 -2.646371610884895587e-01
9.999999999871223011e-07 3.537777777777777715e+02 -5.606533962022319795e-02
1.110008888888888989e-01 3.537777777777777715e+02 -2.459131634141933365e-01
2.220007777777777969e-01 3.537777777777777715e+02 -2.388126622048752923e-01
3.330006666666666115e-01 3.537777777777777715e+02 -1.700945946316168023e-01
4.440005555555555095e-01 3.537777777777777715e+02 -1.610526246056500632e-01
5.550004444444444074e-01 3.537777777777777715e+02 -2.373127259741852901e-01
6.660003333333333053e-01 3.537777777777777715e+02 -3.599337056298895776e-01
7.770002222222222032e-01 3.537777777777777715e+02 -5.097938865440390099e-01
8.880001111111111012e-01 3.537777777777777715e+02 -5.518086537710047423e-01
9.989999999999999991e-01 3.537777777777777715e+02 -3.151770739771387886e-01
9.999999999871223011e-07 3.556666666666666856e+02 -7.950318947103002243e-02
1.110008888888888989e-01 3.556666666666666856e+02 -3.234151409251075915e-01
2.220007777777777969e-01 3.556666666666666856e+02 -3.117112850113531453e-01
3.330006666666666115e-01 3.556666666666666856e+02 -2.374978689880049565e-01
4.440005555555555095e-01 3.556666666666666856e+02 -2.210446209747106705e-01
5.550004444444444074e-01 3.556666666666666856e+02 -2.869257302256174036e-01
6.660003333333333053e-01 3.556666666666666856e+02 -3.996565323818378479e-01
7.770002222222222032e-01 3.556666666666666856e+02 -5.446744016800174615e-01
8.880001111111111012e-01 3.556666666666666856e+02 -5.839140668170732518e-01
9.989999999999999991e-01 3.556666666666666856e+02 -3.374881929432107519e-01
9.999999999871223011e-07 3.575555555555555429e+02 -9.010838693355138762e-02
1.110008888888888989e-01 3.575555555555555429e+02 -3.803026316068772728e-01
2.220007777777777969e-01 3.575555555555555429e+02 -3.651498236687147347e-01
3.330006666666666115e-01 3.575555555555555429e+02 -2.861824878742175171e-01
4.440005555555555095e-01 3.575555555555555429e+02 -2.613088817578331780e-01
5.550004444444444074e-01 3.575555555555555429e+02 -3.137119236900335340e-01
6.660003333333333053e-01 3.575555555555555429e+02 -4.112314640811557398e-01
7.770002222222222032e-01 3.575555555555555429e+02 -5.417376284878305803e-01
8.880001111111111012e-01 3.575555555555555429e+02 -5.728616154329048138e-01
9.989999999999999991e-01 3.575555555555555429e+02 -3.301577550250277548e-01
9.999999999871223011e-07 3.594444444444444571e+02 -8.785837182858907690e-02
1.110008888888888989e-01 3.594444444444444571e+02 -4.103185275158648393e-01
2.220007777777777969e-01 3.594444444444444571e+02 -3.934657823199932958e-01
3.330006666666666115e-01 3.594444444444444571e+02 -3.113077651192183160e-01
4.440005555555555095e-01 3.594444444444444571e+02 -2.780711853961204127e-01
5.550004444444444074e-01 3.594444444444444571e+02 -3.154801373883606708e-01
6.660003333333333053e-01 3.594444444444444571e+02 -3.945595988054927394e-01
7.770002222222222032e-01 3.594444444444444571e+02 -5.036360602597721448e-01
8.880001111111111012e-01 3.594444444444444571e+02 -5.227920050552329334e-01
9.989999999999999991e-01 3.594444444444444571e+02 -2.953534998422590041e-01
9.999999999871223011e-07 3.613333333333333144e+02 -7.263929405095376213e-02
1.110008888888888989e-01 3.613333333333333144e+02 -4.092805627918005840e-01
2.220007777777777969e-01 3.613333333333333144e+02 -3.926967804901637660e-01
3.330006666666666115e-01 3.613333333333333144e+02 -3.096434531635958720e-01
4.440005555555555095e-01 3.613333333333333144e+02 -2.694396500766080838e-01
5.550004444444444074e-01 3.613333333333333144e+02 -2.923908947827552618e-01
6.660003333333333053e-01 3.613333333333333144e+02 -3.525402258333109051e-01
7.770002222222222032e-01 3.613333333333333144e+02 -4.374962250244175399e-01
8.880001111111111012e-01 3.613333333333333144e+02 -4.435094670661582361e-01
9.989999999999999991e-01 3.613333333333333144e+02 -2.379716751281223397e-01
9.999999999871223011e-07 3.632222222222222285e+02 -4.430928739309358821e-02
1.110008888888888989e-01 3.632222222222222285e+02 -3.766771943346269857e-01
2.220007777777777969e-01 3.632222222222222285e+02 -3.619704677825208439e-01
3.330006666666666115e-01 3.632222222222222285e+02 -2.806522184604645087e-01
4.440005555555555095e-01 3.632222222222222285e+02 -2.360192418373517897e-01
5.550004444444444074e-01 3.632222222222222285e+02 -2.468851958038827954e-01
6.660003333333333053e-01 3.632222222222222285e+02 -2.899681602183011853e-01
7.770002222222222032e-01 3.632222222222222285e+02 -3.518471163690914949e-01
8.880001111111111012e-01 3.632222222222222285e+02 -3.458335386453291749e-01
9.989999999999999991e-01 3.632222222222222285e+02 -1.639787428754617693e-01
9.999999999871223011e-07 3.651111111111110858e+02 -2.921457224314027989e-03
1.110008888888888989e-01 3.651111111111110858e+02 -3.159126255549378204e-01
2.220007777777777969e-01 3.651111111111110858e+02 -3.039132980389815941e-01
3.330006666666666115e-01 3.651111111111110858e+02 -2.267428149279847593e-01
4.440005555555555095e-01 3.651111111111110858e+02 -1.807356504101150785e-01
5.550004444444444074e-01 3.651111111111110858e+02 -1.829375583811062578e-01
6.660003333333333053e-01 3.651111111111110858e+02 -2.121652472956305768e-01
7.770002222222222032e-01 3.651111111111110858e+02 -2.542111414132758318e-01
8.880001111111111012e-01 3.651111111111110858e+02 -2.384076106600488965e-01
9.989999999999999991e-01 3.651111111111110858e+02 -7.892410469815169805e-02
9.999999999871223011e-07 3.670000000000000000e+02 5.104848227520020210e-02
1.110008888888888989e-01 3.670000000000000000e+02 -2.330748100659456590e-01
2.220007777777777969e-01 3.670000000000000000e+02 -2.237701006772193635e-01
3.330006666666666115e-01 3.670000000000000000e+02 -1.525049709941299625e-01
4.440005555555555095e-01 3.670000000000000000e+02 -1.079712759468579586e-01
5.550004444444444074e-01 3.670000000000000000e+02 -1.050417158136740525e-01
6.660003333333333053e-01 3.670000000000000000e+02 -1.239433715267836966e-01
7.770002222222222032e-01 3.670000000000000000e+02 -1.501224961919652712e-01
8.880001111111111012e-01 3.670000000000000000e+02 -1.269481589907656138e-01
9.989999999999999991e-01 3.670000000000000000e+02 1.280817666381417474e-02
