9.999999999871223011e-07 3.500000000000000000e+02 -7.439057232958692367e-01
1.110008888888888989e-01 3.500000000000000000e+02 -7.939737096215061518e-01
2.220007777777777969e-01 3.500000000000000000e+02 -7.933425585898801202e-01
3.330006666666666115e-01 3.500000000000000000e+02 -7.825623136372092947e-01
4.440005555555555095e-01 3.500000000000000000e+02 -7.864758429035332288e-01
5.550004444444444074e-01 3.500000000000000000e+02 -7.791383656818421377e-01
6.660003333333333053e-01 3.500000000000000000e+02 -7.859869322228399957e-01
7.770002222222222032e-01 3.500000000000000000e+02 -8.325188997518315759e-01
8.880001111111111012e-01 3.500000000000000000e+02 -8.617317864126641247e-01
9.989999999999999991e-01 3.500000000000000000e+02 -7.378951615309475853e-01
9.999999999871223011e-07 3.518888888888889142e+02 -8.093797929016630643e-01
1.110008888888888989e-01 3.518888888888889142e+02 -8.714043300657767777e-01
2.220007777777777969e-01 3.518888888888889142e+02 -8.664453587701992365e-01
3.330006666666666115e-01 3.518888888888889142e+02 -8.538357896934960500e-01
4.440005555555555095e-01 3.518888888888889142e+02 -8.600516372677045052e-01
5.550004444444444074e-01 3.518888888888889142e+02 -8.501607338755816645e-01
6.660003333333333053e-01 3.518888888888889142e+02 -8.548950550648415359e-01
7.770002222222222032e-01 3.518888888888889142e+02 -9.088137928887636274e-01
8.880001111111111012e-01 3.518888888888889142e+02 -9.523591843895339304e-01
9.989999999999999991e-01 3.518888888888889142e+02 -8.217820413611577335e-01
9.999999999871223011e-07 3.537777777777777715e+02 -8.541414490382558400e-01
1.110008888888888989e-01 3.537777777777777715e+02 -9.278605920997768930e-01
2.220007777777777969e-01 3.537777777777777715e+02 -9.191699091970856328e-01
3.330006666666666115e-01 3.537777777777777715e+02 -9.047839378028105228e-01
4.440005555555555095e-01 3.537777777777777715e+02 -9.133387231269303186e-01
5.550004444444444074e-01 3.537777777777777715e+02 -9.013224667529389222e-01
6.660003333333333053e-01 3.537777777777777715e+02 -9.035307310227084221e-01
7.770002222222222032e-01 3.537777777777777715e+02 -9.628886176462470026e-01
8.880001111111111012e-01 3.537777777777777715e+02 -1.020138837495329742e+00
9.989999999999999991e-01 3.537777777777777715e+02 -8.862352416598329174e-01
9.999999999871223011e-07 3.556666666666666856e+02 -8.815088071503496270e-01
1.110008888888888989e-01 3.556666666666666856e+02 -9.638493772246534697e-01
2.220007777777777969e-01 3.556666666666666856e+02 -9.522327029678199217e-01
3.330006666666666115e-01 3.556666666666666856e+02 -9.361027684954098538e-01
4.440005555555555095e-01 3.556666666666666856e+02 -9.468455362923899887e-01
5.550004444444444074e-01 3.556666666666666856e+02 -9.335240680617238329e-01
6.660003333333333053e-01 3.556666666666666856e+02 -9.332196515373326617e-01
7.770002222222222032e-01 3.556666666666666856e+02 -9.954223058759636977e-01
8.880001111111111012e-01 3.556666666666666856e+02 -1.063263119780911925e+00
9.989999999999999991e-01 3.556666666666666856e+02 -9.294538665526559384e-01
9.999999999871223011e-07 3.575555555555555429e+02 -8.953661489330413392e-01
1.110008888888888989e-01 3.575555555555555429e+02 -9.812056631201619972e-01
2.220007777777777969e-01 3.575555555555555429e+02 -9.676048455742020105e-01
3.330006666666666115e-01 3.575555555555555429e+02 -9.497472581993643415e-01
4.440005555555555095e-01 3.575555555555555429e+02 -9.623714566738674758e-01
5.550004444444444074e-01 3.575555555555555429e+02 -9.488213783921729538e-01
6.660003333333333053e-01 3.575555555555555429e+02 -9.465810953154173424e-01
7.770002222222222032e-01 3.575555555555555429e+02 -1.009173636947788832e+00
8.880001111111111012e-01 3.575555555555555429e+02 -1.082680025385841294e+00
9.989999999999999991e-01 3.575555555555555429e+02 -9.511587041086604355e-01
9.999999999871223011e-07 3.594444444444444571e+02 -8.977565442623945957e-01
1.110008888888888989e-01 3.594444444444444571e+02 -9.815870702194972042e-01
2.220007777777777969e-01 3.594444444444444571e+02 -9.669036031658969632e-01
3.330006666666666115e-01 3.594444444444444571e+02 -9.474534013834937651e-01
4.440005555555555095e-01 3.594444444444444571e+02 -9.616125234082905093e-01
5.550004444444444074e-01 3.594444444444444571e+02 -9.490318498806408209e-01
6.660003333333333053e-01 3.594444444444444571e+02 -9.458821021106889049e-01
7.770002222222222032e-01 3.594444444444444571e+02 -1.006922023476175987e+00
8.880001111111111012e-01 3.594444444444444571e+02 -1.080440494410029872e+00
9.989999999999999991e-01 3.594444444444444571e+02 -9.518638971495199108e-01
9.999999999871223011e-07 3.613333333333333144e+02 -8.879243865331929442e-01
1.110008888888888989e-01 3.613333333333333144e+02 -9.649740952819781947e-01
2.220007777777777969e-01 3.613333333333333144e+02 -9.500948206072601376e-01
3.330006666666666115e-01 3.613333333333333144e+02 -9.294536988887670548e-01
4.440005555555555095e-01 3.613333333333333144e+02 -9.447902535892984677e-01
5.550004444444444074e-01 3.613333333333333144e+02 -9.343755751006723731e-01
6.660003333333333053e-01 3.613333333333333144e+02 -9.314984144858030612e-01
7.770002222222222032e-01 3.613333333333333144e+02 -9.893152674599053897e-01
8.880001111111111012e-01 3.613333333333333144e+02 -1.057297422956530397e+00
9.989999999999999991e-01 3.613333333333333144e+02 -9.317286449070854015e-01
9.999999999871223011e-07 3.632222222222222285e+02 -8.622832288711046456e-01
1.110008888888888989e-01 3.632222222222222285e+02 -9.296627382036332099e-01
2.220007777777777969e-01 3.632222222222222285e+02 -9.155542944226607860e-01
3.330006666666666115e-01 3.632222222222222285e+02 -8.944643317420168938e-01
4.440005555555555095e-01 3.632222222222222285e+02 -9.105806040140428381e-01
5.550004444444444074e-01 3.632222222222222285e+02 -9.033737313642908884e-01
6.660003333333333053e-01 3.632222222222222285e+02 -9.017784957176588900e-01
7.770002222222222032e-01 3.632222222222222285e+02 -9.546406542253755845e-01
8.880001111111111012e-01 3.632222222222222285e+02 -1.012366269757861703e+00
9.989999999999999991e-01 3.632222222222222285e+02 -8.904412960406073996e-01
9.999999999871223011e-07 3.651111111111110858e+02 -8.158958856925299097e-01
1.110008888888888989e-01 3.651111111111110858e+02 -8.737656809874745356e-01
2.220007777777777969e-01 3.651111111111110858e+02 -8.614351897361832711e-01
3.330006666666666115e-01 3.651111111111110858e+02 -8.408996775924276745e-01
4.440005555555555095e-01 3.651111111111110858e+02 -8.573717608587562156e-01
5.550004444444444074e-01 3.651111111111110858e+02 -8.540753798095944704e-01
6.660003333333333053e-01 3.651111111111110858e+02 -8.543713386544330435e-01
7.770002222222222032e-01 3.651111111111110858e+02 -9.006047889016778329e-01
8.880001111111111012e-01 3.651111111111110858e+02 -9.450259884564711221e-01
9.989999999999999991e-01 3.651111111111110858e+02 -8.282518813612990138e-01
9.999999999871223011e-07 3.670000000000000000e+02 -7.457374994349572628e-01
1.110008888888888989e-01 3.670000000000000000e+02 -7.967763438603431281e-01
2.220007777777777969e-01 3.670000000000000000e+02 -7.872214999549486114e-01
3.330006666666666115e-01 3.670000000000000000e+02 -7.682382246826628958e-01
4.440005555555555095e-01 3.670000000000000000e+02 -7.846462833490835953e-01
5.550004444444444074e-01 3.670000000000000000e+02 -7.854909424665477147e-01
6.660003333333333053e-01 3.670000000000000000e+02 -7.878660981265236396e-01
7.770002222222222032e-01 3.670000000000000000e+02 -8.263453726477363315e-01
8.880001111111111012e-01 3.670000000000000000e+02 -8.566539321158365139e-01
9.989999999999999991e-01 3.670000000000000000e+02 -7.468161416488775517e-01
