9.999999999871223011e-07 3.500000000000000000e+02 -7.444935269243641018e-01
1.110008888888888989e-01 3.500000000000000000e+02 -7.973884937211919155e-01
2.220007777777777969e-01 3.500000000000000000e+02 -7.965131501112698853e-01
3.330006666666666115e-01 3.500000000000000000e+02 -7.887178327210837558e-01
4.440005555555555095e-01 3.500000000000000000e+02 -7.910612332328488261e-01
5.550004444444444074e-01 3.500000000000000000e+02 -7.829403086499783226e-01
6.660003333333333053e-01 3.500000000000000000e+02 -7.904128230744121852e-01
7.770002222222222032e-01 3.500000000000000000e+02 -8.366462037124446915e-01
8.880001111111111012e-01 3.500000000000000000e+02 -8.643431226558289104e-01
9.989999999999999991e-01 3.500000000000000000e+02 -7.408982504703345295e-01
9.999999999871223011e-07 3.518888888888889142e+02 -8.099047284449816253e-01
1.110008888888888989e-01 3.518888888888889142e+02 -8.744014804977842115e-01
2.220007777777777969e-01 3.518888888888889142e+02 -8.714818979040792613e-01
3.330006666666666115e-01 3.518888888888889142e+02 -8.636899091224156111e-01
4.440005555555555095e-01 3.518888888888889142e+02 -8.662548712003281803e-01
5.550004444444444074e-01 3.518888888888889142e+02 -8.534155342589939686e-01
6.660003333333333053e-01 3.518888888888889142e+02 -8.582925367879179479e-01
7.770002222222222032e-01 3.518888888888889142e+02 -9.126447715658685400e-01
8.880001111111111012e-01 3.518888888888889142e+02 -9.562902676172972960e-01
9.989999999999999991e-01 3.518888888888889142e+02 -8.276750640616529209e-01
9.999999999871223011e-07 3.537777777777777715e+02 -8.546662871741537160e-01
1.110008888888888989e-01 3.537777777777777715e+02 -9.304330561855641557e-01
2.220007777777777969e-01 3.537777777777777715e+02 -9.272609297737969269e-01
3.330006666666666115e-01 3.537777777777777715e+02 -9.199823217571325706e-01
4.440005555555555095e-01 3.537777777777777715e+02 -9.222579868835599770e-01
5.550004444444444074e-01 3.537777777777777715e+02 -9.044688382581034247e-01
6.660003333333333053e-01 3.537777777777777715e+02 -9.061832842177309777e-01
7.770002222222222032e-01 3.537777777777777715e+02 -9.670885809595710647e-01
8.880001111111111012e-01 3.537777777777777715e+02 -1.027022645097028564e+00
9.989999999999999991e-01 3.537777777777777715e+02 -8.970457914243522568e-01
9.999999999871223011e-07 3.556666666666666856e+02 -8.820630877074953080e-01
1.110008888888888989e-01 3.556666666666666856e+02 -9.660799238237763875e-01
2.220007777777777969e-01 3.556666666666666856e+02 -9.645966533013067279e-01
3.330006666666666115e-01 3.556666666666666856e+02 -9.582294498884676992e-01
4.440005555555555095e-01 3.556666666666666856e+02 -9.596702671581979205e-01
5.550004444444444074e-01 3.556666666666666856e+02 -9.372195802693744637e-01
6.660003333333333053e-01 3.556666666666666856e+02 -9.356464833168345319e-01
7.770002222222222032e-01 3.556666666666666856e+02 -1.000872629513805956e+00
8.880001111111111012e-01 3.556666666666666856e+02 -1.074983144310743377e+00
9.989999999999999991e-01 3.556666666666666856e+02 -9.473565635147986885e-01
9.999999999871223011e-07 3.575555555555555429e+02 -8.959419253456866183e-01
1.110008888888888989e-01 3.575555555555555429e+02 -9.832423993021346398e-01
2.220007777777777969e-01 3.575555555555555429e+02 -9.853212396098599557e-01
3.330006666666666115e-01 3.575555555555555429e+02 -9.800913018482657613e-01
4.440005555555555095e-01 3.575555555555555429e+02 -9.801993855051855942e-01
5.550004444444444074e-01 3.575555555555555429e+02 -9.538444218824794207e-01
6.660003333333333053e-01 3.575555555555555429e+02 -9.494571670001786812e-01
7.770002222222222032e-01 3.575555555555555429e+02 -1.016835948432440073e+00
8.880001111111111012e-01 3.575555555555555429e+02 -1.101011020829940623e+00
9.989999999999999991e-01 3.575555555555555429e+02 -9.780648137305015810e-01
9.999999999871223011e-07 3.594444444444444571e+02 -8.983252432603132664e-01
1.110008888888888989e-01 3.594444444444444571e+02 -9.836157714085123072e-01
2.220007777777777969e-01 3.594444444444444571e+02 -9.907265016164602534e-01
3.330006666666666115e-01 3.594444444444444571e+02 -9.867627947711410386e-01
4.440005555555555095e-01 3.594444444444444571e+02 -9.852419427047307554e-01
5.550004444444444074e-01 3.594444444444444571e+02 -9.561559601727764868e-01
6.660003333333333053e-01 3.594444444444444571e+02 -9.499447321644586273e-01
7.770002222222222032e-01 3.594444444444444571e+02 -1.017708584739472455e+00
8.880001111111111012e-01 3.594444444444444571e+02 -1.106665963005406983e+00
9.989999999999999991e-01 3.594444444444444571e+02 -9.889374409488592699e-01
9.999999999871223011e-07 3.613333333333333144e+02 -8.884568988192749206e-01
1.110008888888888989e-01 3.613333333333333144e+02 -9.671923831334350297e-01
2.220007777777777969e-01 3.613333333333333144e+02 -9.801999704511582534e-01
3.330006666666666115e-01 3.613333333333333144e+02 -9.776070388428008684e-01
4.440005555555555095e-01 3.613333333333333144e+02 -9.744660641037280469e-01
5.550004444444444074e-01 3.613333333333333144e+02 -9.442208056037206809e-01
6.660003333333333053e-01 3.613333333333333144e+02 -9.374386389901151473e-01
7.770002222222222032e-01 3.613333333333333144e+02 -1.003924449948220943e+00
8.880001111111111012e-01 3.613333333333333144e+02 -1.091778155376180282e+00
9.989999999999999991e-01 3.613333333333333144e+02 -9.788947507292190542e-01
9.999999999871223011e-07 3.632222222222222285e+02 -8.627726059278761905e-01
1.110008888888888989e-01 3.632222222222222285e+02 -9.322446848881584813e-01
2.220007777777777969e-01 3.632222222222222285e+02 -9.512709266969763267e-01
3.330006666666666115e-01 3.632222222222222285e+02 -9.501483293239908479e-01
4.440005555555555095e-01 3.632222222222222285e+02 -9.457448328418104344e-01
5.550004444444444074e-01 3.632222222222222285e+02 -9.162345445310058345e-01
6.660003333333333053e-01 3.632222222222222285e+02 -9.100898369186558590e-01
7.770002222222222032e-01 3.632222222222222285e+02 -9.733065914586803702e-01
8.880001111111111012e-01 3.632222222222222285e+02 -1.054127913470102040e+00
9.989999999999999991e-01 3.632222222222222285e+02 -9.460727867764933130e-01
9.999999999871223011e-07 3.651111111111110858e+02 -8.163759710247242563e-01
1.110008888888888989e-01 3.651111111111110858e+02 -8.768167989475196267e-01
2.220007777777777969e-01 3.651111111111110858e+02 -9.011909892812249856e-01
3.330006666666666115e-01 3.651111111111110858e+02 -9.016236563471647925e-01
4.440005555555555095e-01 3.651111111111110858e+02 -8.966217247708190285e-01
5.550004444444444074e-01 3.651111111111110858e+02 -8.697866089919411570e-01
6.660003333333333053e-01 3.651111111111110858e+02 -8.651861465147273611e-01
7.770002222222222032e-01 3.651111111111110858e+02 -9.228937445529228345e-01
8.880001111111111012e-01 3.651111111111110858e+02 -9.917913286479677071e-01
9.989999999999999991e-01 3.651111111111110858e+02 -8.894036707407001474e-01
9.999999999871223011e-07 3.670000000000000000e+02 -7.462735302683518590e-01
1.110008888888888989e-01 3.670000000000000000e+02 -8.003028251067837440e-01
2.220007777777777969e-01 3.670000000000000000e+02 -8.288810574253195895e-01
3.330006666666666115e-01 3.670000000000000000e+02 -8.308730434961903999e-01
4.440005555555555095e-01 3.670000000000000000e+02 -8.260251469417757564e-01
5.550004444444444074e-01 3.670000000000000000e+02 -8.034306762838198113e-01
6.660003333333333053e-01 3.670000000000000000e+02 -8.008806751076325003e-01
7.770002222222222032e-01 3.670000000000000000e+02 -8.512031093177232499e-01
8.880001111111111012e-01 3.670000000000000000e+02 -9.055306527682058793e-01
9.989999999999999991e-01 3.670000000000000000e+02 -8.100552457245082660e-01
