9.999999999871223011e-07 3.500000000000000000e+02 1.221048184915234369e-01
1.110008888888888989e-01 3.500000000000000000e+02 1.592616313187642518e-01
2.220007777777777969e-01 3.500000000000000000e+02 1.781859506976835039e-02
3.330006666666666115e-01 3.500000000000000000e+02 1.177629002097243527e-01
4.440005555555555095e-01 3.500000000000000000e+02 1.146110335238471611e-01
5.550004444444444074e-01 3.500000000000000000e+02 -3.818616022968623902e-03
6.660003333333333053e-01 3.500000000000000000e+02 -1.374889984086820061e-01
7.770002222222222032e-01 3.500000000000000000e+02 -2.213143706233973163e-01
8.880001111111111012e-01 3.500000000000000000e+02 -1.223695710763298417e-01
9.989999999999999991e-01 3.500000000000000000e+02 1.742160424349987746e-01
9.999999999871223011e-07 3.518888888888889142e+02 5.867170833031443156e-02
1.110008888888888989e-01 3.518888888888889142e+02 4.040837325160606675e-02
2.220007777777777969e-01 3.518888888888889142e+02 -7.391215978307263956e-02
3.330006666666666115e-01 3.518888888888889142e+02 3.629759339602489643e-02
4.440005555555555095e-01 3.518888888888889142e+02 2.557546889168260673e-02
5.550004444444444074e-01 3.518888888888889142e+02 -9.394459141028865812e-02
6.660003333333333053e-01 3.518888888888889142e+02 -2.278506321160715942e-01
7.770002222222222032e-01 3.518888888888889142e+02 -3.294646338872581071e-01
8.880001111111111012e-01 3.518888888888889142e+02 -2.420921852833274324e-01
9.989999999999999991e-01 3.518888888888889142e+02 7.997181415493953560e-02
9.999999999871223011e-07 3.537777777777777715e+02 8.536743945834313063e-03
1.110008888888888989e-01 3.537777777777777715e+02 -5.656050219144803659e-02
2.220007777777777969e-01 3.537777777777777715e+02 -1.405458842750927362e-01
3.330006666666666115e-01 3.537777777777777715e+02 -2.464678595745750656e-02
4.440005555555555095e-01 3.537777777777777715e+02 -4.771943451591831309e-02
5.550004444444444074e-01 3.537777777777777715e+02 -1.673116216190805305e-01
6.660003333333333053e-01 3.537777777777777715e+02 -2.957280312920259613e-01
7.770002222222222032e-01 3.537777777777777715e+02 -4.115963838506915273e-01
8.880001111111111012e-01 3.537777777777777715e+02 -3.432064717709826240e-01
9.989999999999999991e-01 3.537777777777777715e+02 -3.099540088151941930e-03
9.999999999871223011e-07 3.556666666666666856e+02 -2.674654732283621161e-02
1.110008888888888989e-01 3.556666666666666856e+02 -1.173169761940000555e-01
2.220007777777777969e-01 3.556666666666666856e+02 -1.732853581121374109e-01
3.330006666666666115e-01 3.556666666666666856e+02 -5.866952626183807862e-02
4.440005555555555095e-01 3.556666666666666856e+02 -9.890302422818142425e-02
5.550004444444444074e-01 3.556666666666666856e+02 -2.180900108312785468e-01
6.660003333333333053e-01 3.556666666666666856e+02 -3.351523684222784683e-01
7.770002222222222032e-01 3.556666666666666856e+02 -4.575352769793769037e-01
8.880001111111111012e-01 3.556666666666666856e+02 -4.144963257241768284e-01
9.989999999999999991e-01 3.556666666666666856e+02 -6.948431519997599892e-02
9.999999999871223011e-07 3.575555555555555429e+02 -4.595547659619969583e-02
1.110008888888888989e-01 3.575555555555555429e+02 -1.306543804048102553e-01
2.220007777777777969e-01 3.575555555555555429e+02 -1.672145686892936300e-01
3.330006666666666115e-01 3.575555555555555429e+02 -6.174216969073664796e-02
4.440005555555555095e-01 3.575555555555555429e+02 -1.225287480713717070e-01
5.550004444444444074e-01 3.575555555555555429e+02 -2.415830516187130739e-01
6.660003333333333053e-01 3.575555555555555429e+02 -3.431363717359703358e-01
7.770002222222222032e-01 3.575555555555555429e+02 -4.616683795479183949e-01
8.880001111111111012e-01 3.575555555555555429e+02 -4.459763370461486964e-01
9.989999999999999991e-01 3.575555555555555429e+02 -1.134699935092714496e-01
9.999999999871223011e-07 3.594444444444444571e+02 -4.816497548055354017e-02
1.110008888888888989e-01 3.594444444444444571e+02 -9.397234573049939588e-02
2.220007777777777969e-01 3.594444444444444571e+02 -1.232750372651605364e-01
3.330006666666666115e-01 3.594444444444444571e+02 -3.359670869850706065e-02
4.440005555555555095e-01 3.594444444444444571e+02 -1.158590983450201728e-01
5.550004444444444074e-01 3.594444444444444571e+02 -2.357139741035665370e-01
6.660003333333333053e-01 3.594444444444444571e+02 -3.207266298646076486e-01
7.770002222222222032e-01 3.594444444444444571e+02 -4.262696051979452116e-01
8.880001111111111012e-01 3.594444444444444571e+02 -4.333176903696035476e-01
9.989999999999999991e-01 3.594444444444444571e+02 -1.305560110464394352e-01
9.999999999871223011e-07 3.613333333333333144e+02 -3.272042386519991020e-02
1.110008888888888989e-01 3.613333333333333144e+02 -1.443715781890175798e-02
2.220007777777777969e-01 3.613333333333333144e+02 -4.787423836724791215e-02
3.330006666666666115e-01 3.613333333333333144e+02 2.219883658917198854e-02
4.440005555555555095e-01 3.613333333333333144e+02 -7.989017825912769766e-02
5.550004444444444074e-01 3.613333333333333144e+02 -2.017827377406262723e-01
6.660003333333333053e-01 3.613333333333333144e+02 -2.721876641560150301e-01
7.770002222222222032e-01 3.613333333333333144e+02 -3.595783324817695137e-01
8.880001111111111012e-01 3.613333333333333144e+02 -3.801917414583725341e-01
9.989999999999999991e-01 3.613333333333333144e+02 -1.189646114260611842e-01
9.999999999871223011e-07 3.632222222222222285e+02 5.677072530793081384e-04
1.110008888888888989e-01 3.632222222222222285e+02 9.429774978564275933e-02
2.220007777777777969e-01 3.632222222222222285e+02 4.966588377166486490e-02
3.330006666666666115e-01 3.632222222222222285e+02 9.947591415312478924e-02
4.440005555555555095e-01 3.632222222222222285e+02 -1.897402901656897178e-02
5.550004444444444074e-01 3.632222222222222285e+02 -1.439606642095367928e-01
6.660003333333333053e-01 3.632222222222222285e+02 -2.033104041164310871e-01
7.770002222222222032e-01 3.632222222222222285e+02 -2.714086250755245455e-01
8.880001111111111012e-01 3.632222222222222285e+02 -2.962939841003746633e-01
9.989999999999999991e-01 3.632222222222222285e+02 -8.026493838285142512e-02
9.999999999871223011e-07 3.651111111111110858e+02 5.107295142846274283e-02
1.110008888888888989e-01 3.651111111111110858e+02 2.182052198453770520e-01
2.220007777777777969e-01 3.651111111111110858e+02 1.602683104393488045e-01
3.330006666666666115e-01 3.651111111111110858e+02 1.913713185247555293e-01
4.440005555555555095e-01 3.651111111111110858e+02 6.070074669975028536e-02
5.550004444444444074e-01 3.651111111111110858e+02 -6.785436137617173458e-02
6.660003333333333053e-01 3.651111111111110858e+02 -1.199147330966682246e-01
7.770002222222222032e-01 3.651111111111110858e+02 -1.702235457085856662e-01
8.880001111111111012e-01 3.651111111111110858e+02 -1.927705115028319760e-01
9.989999999999999991e-01 3.651111111111110858e+02 -1.869068870644441382e-02
9.999999999871223011e-07 3.670000000000000000e+02 1.171833247052873617e-01
1.110008888888888989e-01 3.670000000000000000e+02 3.465330456167163842e-01
2.220007777777777969e-01 3.670000000000000000e+02 2.768538044521259844e-01
3.330006666666666115e-01 3.670000000000000000e+02 2.918282289850749889e-01
4.440005555555555095e-01 3.670000000000000000e+02 1.528612281299093767e-01
5.550004444444444074e-01 3.670000000000000000e+02 2.096582487953080332e-02
6.660003333333333053e-01 3.670000000000000000e+02 -2.693058720222940572e-02
7.770002222222222032e-01 3.670000000000000000e+02 -6.215946170609443211e-02
8.880001111111111012e-01 3.670000000000000000e+02 -7.876688543073984139e-02
9.989999999999999991e-01 3.670000000000000000e+02 6.025542464361288708e-02
