9.999999999871223011e-07 3.500000000000000000e+02 -6.704599681588150339e-01
1.110008888888888989e-01 3.500000000000000000e+02 -7.387779223913969462e-01
2.220007777777777969e-01 3.500000000000000000e+02 -7.277808572447901359e-01
3.330006666666666115e-01 3.500000000000000000e+02 -7.460694686819490107e-01
4.440005555555555095e-01 3.500000000000000000e+02 -7.282544291142026838e-01
5.550004444444444074e-01 3.500000000000000000e+02 -6.972793824627573356e-01
6.660003333333333053e-01 3.500000000000000000e+02 -7.039331658863933194e-01
7.770002222222222032e-01 3.500000000000000000e+02 -7.705578273322245542e-01
8.880001111111111012e-01 3.500000000000000000e+02 -8.337435752212815077e-01
9.989999999999999991e-01 3.500000000000000000e+02 -7.304367442021373336e-01
9.999999999871223011e-07 3.518888888888889142e+02 -7.385233175884368118e-01
1.110008888888888989e-01 3.518888888888889142e+02 -8.153681019636170868e-01
2.220007777777777969e-01 3.518888888888889142e+02 -8.014109829160867005e-01
3.330006666666666115e-01 3.518888888888889142e+02 -8.210087226692828200e-01
4.440005555555555095e-01 3.518888888888889142e+02 -8.024620896665849434e-01
5.550004444444444074e-01 3.518888888888889142e+02 -7.659447020530582018e-01
6.660003333333333053e-01 3.518888888888889142e+02 -7.697722286831166771e-01
7.770002222222222032e-01 3.518888888888889142e+02 -8.442408057124013432e-01
8.880001111111111012e-01 3.518888888888889142e+02 -9.245726258911786122e-01
9.989999999999999991e-01 3.518888888888889142e+02 -8.160660431650497149e-01
9.999999999871223011e-07 3.537777777777777715e+02 -7.894539916091012355e-01
1.110008888888888989e-01 3.537777777777777715e+02 -8.717742175735070376e-01
2.220007777777777969e-01 3.537777777777777715e+02 -8.562448344524590249e-01
3.330006666666666115e-01 3.537777777777777715e+02 -8.763895225015655432e-01
4.440005555555555095e-01 3.537777777777777715e+02 -8.575620255649401003e-01
5.550004444444444074e-01 3.537777777777777715e+02 -8.163711371916243520e-01
6.660003333333333053e-01 3.537777777777777715e+02 -8.170157709765009102e-01
7.770002222222222032e-01 3.537777777777777715e+02 -8.970242215797592511e-01
8.880001111111111012e-01 3.537777777777777715e+02 -9.930427429891264257e-01
9.989999999999999991e-01 3.537777777777777715e+02 -8.823354914663276150e-01
9.999999999871223011e-07 3.556666666666666856e+02 -8.255759669213433849e-01
1.110008888888888989e-01 3.556666666666666856e+02 -9.078925812494950121e-01
2.220007777777777969e-01 3.556666666666666856e+02 -8.922326233504384030e-01
3.330006666666666115e-01 3.556666666666666856e+02 -9.119379789185360075e-01
4.440005555555555095e-01 3.556666666666666856e+02 -8.933356893726273062e-01
5.550004444444444074e-01 3.556666666666666856e+02 -8.489502008320704007e-01
6.660003333333333053e-01 3.556666666666666856e+02 -8.465395295603678205e-01
7.770002222222222032e-01 3.556666666666666856e+02 -9.292713220761840143e-01
8.880001111111111012e-01 3.556666666666666856e+02 -1.036927161727045910e+00
9.989999999999999991e-01 3.556666666666666856e+02 -9.270256194213587486e-01
9.999999999871223011e-07 3.575555555555555429e+02 -8.494976079814496872e-01
1.110008888888888989e-01 3.575555555555555429e+02 -9.248001021458643889e-01
2.220007777777777969e-01 3.575555555555555429e+02 -9.103319102924438688e-01
3.330006666666666115e-01 3.575555555555555429e+02 -9.286454680272173690e-01
4.440005555555555095e-01 3.575555555555555429e+02 -9.106823260933298858e-01
5.550004444444444074e-01 3.575555555555555429e+02 -8.649444294446450021e-01
6.660003333333333053e-01 3.575555555555555429e+02 -8.601878930011256363e-01
7.770002222222222032e-01 3.575555555555555429e+02 -9.430595149694270818e-01
8.880001111111111012e-01 3.575555555555555429e+02 -1.056611847879234345e+00
9.989999999999999991e-01 3.575555555555555429e+02 -9.494915281186667722e-01
9.999999999871223011e-07 3.594444444444444571e+02 -8.622313869763333916e-01
1.110008888888888989e-01 3.594444444444444571e+02 -9.236542156113545232e-01
2.220007777777777969e-01 3.594444444444444571e+02 -9.113860058782455864e-01
3.330006666666666115e-01 3.594444444444444571e+02 -9.276319503591613502e-01
4.440005555555555095e-01 3.594444444444444571e+02 -9.106535323747765309e-01
5.550004444444444074e-01 3.594444444444444571e+02 -8.655421417983513166e-01
6.660003333333333053e-01 3.594444444444444571e+02 -8.596065142494823119e-01
7.770002222222222032e-01 3.594444444444444571e+02 -9.405982419096943214e-01
8.880001111111111012e-01 3.594444444444444571e+02 -1.053786270903413147e+00
9.989999999999999991e-01 3.594444444444444571e+02 -9.500523862324146140e-01
9.999999999871223011e-07 3.613333333333333144e+02 -8.622332864105258787e-01
1.110008888888888989e-01 3.613333333333333144e+02 -9.045622516437944460e-01
2.220007777777777969e-01 3.613333333333333144e+02 -8.951663215669367624e-01
3.330006666666666115e-01 3.613333333333333144e+02 -9.090300811761162780e-01
4.440005555555555095e-01 3.613333333333333144e+02 -8.934141401290452977e-01
5.550004444444444074e-01 3.613333333333333144e+02 -8.509205671365610568e-01
6.660003333333333053e-01 3.613333333333333144e+02 -8.451416864916713179e-01
7.770002222222222032e-01 3.613333333333333144e+02 -9.225373738067415008e-01
8.880001111111111012e-01 3.613333333333333144e+02 -1.029302179136344142e+00
9.989999999999999991e-01 3.613333333333333144e+02 -9.288889546863001723e-01
9.999999999871223011e-07 3.632222222222222285e+02 -8.452533493529605924e-01
1.110008888888888989e-01 3.632222222222222285e+02 -8.665781791002800105e-01
2.220007777777777969e-01 3.632222222222222285e+02 -8.604507062120373417e-01
3.330006666666666115e-01 3.632222222222222285e+02 -8.719590659156397638e-01
4.440005555555555095e-01 3.632222222222222285e+02 -8.581676452154576307e-01
5.550004444444444074e-01 3.632222222222222285e+02 -8.201607318229688914e-01
6.660003333333333053e-01 3.632222222222222285e+02 -8.157202244393498836e-01
7.770002222222222032e-01 3.632222222222222285e+02 -8.877473994179041483e-01
8.880001111111111012e-01 3.632222222222222285e+02 -9.827986770685749329e-01
9.989999999999999991e-01 3.632222222222222285e+02 -8.859198892128014036e-01
9.999999999871223011e-07 3.651111111111110858e+02 -8.057498374714859857e-01
1.110008888888888989e-01 3.651111111111110858e+02 -8.088074727712415424e-01
2.220007777777777969e-01 3.651111111111110858e+02 -8.061204085388903318e-01
3.330006666666666115e-01 3.651111111111110858e+02 -8.155841726279748904e-01
4.440005555555555095e-01 3.651111111111110858e+02 -8.040984810932423343e-01
5.550004444444444074e-01 3.651111111111110858e+02 -7.720800734747057525e-01
6.660003333333333053e-01 3.651111111111110858e+02 -7.697700968051091053e-01
7.770002222222222032e-01 3.651111111111110858e+02 -8.346601276435037242e-01
8.880001111111111012e-01 3.651111111111110858e+02 -9.142946921352272938e-01
9.989999999999999991e-01 3.651111111111110858e+02 -8.217786008504438522e-01
9.999999999871223011e-07 3.670000000000000000e+02 -7.402847791572205738e-01
1.110008888888888989e-01 3.670000000000000000e+02 -7.314936482320951727e-01
2.220007777777777969e-01 3.670000000000000000e+02 -7.323183069106852239e-01
3.330006666666666115e-01 3.670000000000000000e+02 -7.402159596964007493e-01
4.440005555555555095e-01 3.670000000000000000e+02 -7.313629920092512560e-01
5.550004444444444074e-01 3.670000000000000000e+02 -7.062051636045209024e-01
6.660003333333333053e-01 3.670000000000000000e+02 -7.063741593653283246e-01
7.770002222222222032e-01 3.670000000000000000e+02 -7.628008119448675961e-01
8.880001111111111012e-01 3.670000000000000000e+02 -8.255796354808520032e-01
9.989999999999999991e-01 3.670000000000000000e+02 -7.385416840766950708e-01
