9.999999999871223011e-07 3.500000000000000000e+02 1.098802256247059517e-01
1.110008888888888989e-01 3.500000000000000000e+02 7.927353652459828703e-02
2.220007777777777969e-01 3.500000000000000000e+02 -2.669781930431824879e-02
3.330006666666666115e-01 3.500000000000000000e+02 5.936450093017153762e-02
4.440005555555555095e-01 3.500000000000000000e+02 6.138697319174069023e-02
5.550004444444444074e-01 3.500000000000000000e+02 -4.398642849838230173e-02
6.660003333333333053e-01 3.500000000000000000e+02 -1.694386194598246353e-01
7.770002222222222032e-01 3.500000000000000000e+02 -2.425981972777688789e-01
8.880001111111111012e-01 3.500000000000000000e+02 -1.425431618214799689e-01
9.989999999999999991e-01 3.500000000000000000e+02 1.317892988452628589e-01
9.999999999871223011e-07 3.518888888888889142e+02 5.004773264544642997e-02
1.110008888888888989e-01 3.518888888888889142e+02 -2.463841454275039755e-02
2.220007777777777969e-01 3.518888888888889142e+02 -1.218355654200271587e-01
3.330006666666666115e-01 3.518888888888889142e+02 -3.393079047886948807e-02
4.440005555555555095e-01 3.518888888888889142e+02 -2.621404689001571864e-02
5.550004444444444074e-01 3.518888888888889142e+02 -1.286853486481535080e-01
6.660003333333333053e-01 3.518888888888889142e+02 -2.582835320483979347e-01
7.770002222222222032e-01 3.518888888888889142e+02 -3.506075747080298344e-01
8.880001111111111012e-01 3.518888888888889142e+02 -2.577002095952233285e-01
9.989999999999999991e-01 3.518888888888889142e+02 4.190114311429071758e-02
9.999999999871223011e-07 3.537777777777777715e+02 1.674490165789632723e-03
1.110008888888888989e-01 3.537777777777777715e+02 -1.137370252038568674e-01
2.220007777777777969e-01 3.537777777777777715e+02 -2.033106016564703022e-01
3.330006666666666115e-01 3.537777777777777715e+02 -1.187010497786445962e-01
4.440005555555555095e-01 3.537777777777777715e+02 -1.033902322936387508e-01
5.550004444444444074e-01 3.537777777777777715e+02 -1.980699590616872285e-01
6.660003333333333053e-01 3.537777777777777715e+02 -3.256375771108308559e-01
7.770002222222222032e-01 3.537777777777777715e+02 -4.345410985920482583e-01
8.880001111111111012e-01 3.537777777777777715e+02 -3.549489282683283564e-01
9.989999999999999991e-01 3.537777777777777715e+02 -3.632399716716261384e-02
9.999999999871223011e-07 3.556666666666666856e+02 -3.403316707851222755e-02
1.110008888888888989e-01 3.556666666666666856e+02 -1.793577680792441953e-01
2.220007777777777969e-01 3.556666666666666856e+02 -2.644699901157938626e-01
3.330006666666666115e-01 3.556666666666666856e+02 -1.901270543006523539e-01
4.440005555555555095e-01 3.556666666666666856e+02 -1.655934870040950413e-01
5.550004444444444074e-01 3.556666666666666856e+02 -2.473278305026613832e-01
6.660003333333333053e-01 3.556666666666666856e+02 -3.654463918270062228e-01
7.770002222222222032e-01 3.556666666666666856e+02 -4.841561675253093222e-01
8.880001111111111012e-01 3.556666666666666856e+02 -4.236973732248675573e-01
9.989999999999999991e-01 3.556666666666666856e+02 -9.755134143704236038e-02
9.999999999871223011e-07 3.575555555555555429e+02 -5.601439065303243092e-02
1.110008888888888989e-01 3.575555555555555429e+02 -2.132578600210331965e-01
2.220007777777777969e-01 3.575555555555555429e+02 -2.987876900479530251e-01
3.330006666666666115e-01 3.575555555555555429e+02 -2.425385151453879340e-01
4.440005555555555095e-01 3.575555555555555429e+02 -2.080454010033591095e-01
5.550004444444444074e-01 3.575555555555555429e+02 -2.725655811341476387e-01
6.660003333333333053e-01 3.575555555555555429e+02 -3.743398372669595187e-01
7.770002222222222032e-01 3.575555555555555429e+02 -4.928690234943815529e-01
8.880001111111111012e-01 3.575555555555555429e+02 -4.545217067731687210e-01
9.989999999999999991e-01 3.575555555555555429e+02 -1.365007939507785206e-01
9.999999999871223011e-07 3.594444444444444571e+02 -6.332768886780160145e-02
1.110008888888888989e-01 3.594444444444444571e+02 -2.105340470372800699e-01
2.220007777777777969e-01 3.594444444444444571e+02 -3.018429945812864945e-01
3.330006666666666115e-01 3.594444444444444571e+02 -2.703540146531723254e-01
4.440005555555555095e-01 3.594444444444444571e+02 -2.266926207461892329e-01
5.550004444444444074e-01 3.594444444444444571e+02 -2.718683384868366693e-01
6.660003333333333053e-01 3.594444444444444571e+02 -3.529722600184710402e-01
7.770002222222222032e-01 3.594444444444444571e+02 -4.613946282925076581e-01
8.880001111111111012e-01 3.594444444444444571e+02 -4.432143410499131964e-01
9.989999999999999991e-01 3.594444444444444571e+02 -1.493032473860267384e-01
9.999999999871223011e-07 3.613333333333333144e+02 -5.512427266746899868e-02
1.110008888888888989e-01 3.613333333333333144e+02 -1.718763070049609265e-01
2.220007777777777969e-01 3.613333333333333144e+02 -2.729514738851220867e-01
3.330006666666666115e-01 3.613333333333333144e+02 -2.696171202138859524e-01
4.440005555555555095e-01 3.613333333333333144e+02 -2.193508185420758316e-01
5.550004444444444074e-01 3.613333333333333144e+02 -2.458668432070787446e-01
6.660003333333333053e-01 3.613333333333333144e+02 -3.054885600638520549e-01
7.770002222222222032e-01 3.613333333333333144e+02 -3.970368935400894195e-01
8.880001111111111012e-01 3.613333333333333144e+02 -3.929111856194739127e-01
9.989999999999999991e-01 3.613333333333333144e+02 -1.347598089216855977e-01
9.999999999871223011e-07 3.632222222222222285e+02 -3.078541722174421569e-02
1.110008888888888989e-01 3.632222222222222285e+02 -1.034601760166126150e-01
2.220007777777777969e-01 3.632222222222222285e+02 -2.154425556647632245e-01
3.330006666666666115e-01 3.632222222222222285e+02 -2.394908597001135231e-01
4.440005555555555095e-01 3.632222222222222285e+02 -1.864689723877155370e-01
5.550004444444444074e-01 3.632222222222222285e+02 -1.974931652861610099e-01
6.660003333333333053e-01 3.632222222222222285e+02 -2.377565379407816648e-01
7.770002222222222032e-01 3.632222222222222285e+02 -3.097391840243876038e-01
8.880001111111111012e-01 3.632222222222222285e+02 -3.124697932306292891e-01
9.989999999999999991e-01 3.632222222222222285e+02 -9.471418271045550785e-02
9.999999999871223011e-07 3.651111111111110858e+02 9.763504290255409224e-03
1.110008888888888989e-01 3.651111111111110858e+02 -1.430169809512304990e-02
2.220007777777777969e-01 3.651111111111110858e+02 -1.354428663810915978e-01
3.330006666666666115e-01 3.651111111111110858e+02 -1.827050108933030437e-01
4.440005555555555095e-01 3.651111111111110858e+02 -1.310189004490728282e-01
5.550004444444444074e-01 3.651111111111110858e+02 -1.310756995351596288e-01
6.660003333333333053e-01 3.651111111111110858e+02 -1.556910935972743992e-01
7.770002222222222032e-01 3.651111111111110858e+02 -2.086011536521200638e-01
8.880001111111111012e-01 3.651111111111110858e+02 -2.124360553980714217e-01
9.989999999999999991e-01 3.651111111111110858e+02 -3.334456212234837569e-02
9.999999999871223011e-07 3.670000000000000000e+02 6.576199937851728849e-02
1.110008888888888989e-01 3.670000000000000000e+02 8.674504985923603417e-02
2.220007777777777969e-01 3.670000000000000000e+02 -3.992079062294262570e-02
3.330006666666666115e-01 3.670000000000000000e+02 -1.045544093338539593e-01
4.440005555555555095e-01 3.670000000000000000e+02 -5.756377127742240418e-02
5.550004444444444074e-01 3.670000000000000000e+02 -5.126265519090977829e-02
6.660003333333333053e-01 3.670000000000000000e+02 -6.427696087337297914e-02
7.770002222222222032e-01 3.670000000000000000e+02 -1.003615788068639159e-01
8.880001111111111012e-01 3.670000000000000000e+02 -1.017313089871563214e-01
9.989999999999999991e-01 3.670000000000000000e+02 4.410676965090437607e-02
