9.999999999871223011e-07 3.500000000000000000e+02 -6.576083905919005712e-01
1.110008888888888989e-01 3.500000000000000000e+02 -6.929615804007451807e-01
2.220007777777777969e-01 3.500000000000000000e+02 -6.738405146343356966e-01
3.330006666666666115e-01 3.500000000000000000e+02 -6.591457404453149316e-01
4.440005555555555095e-01 3.500000000000000000e+02 -6.657347998340432671e-01
5.550004444444444074e-01 3.500000000000000000e+02 -6.662508982324474305e-01
6.660003333333333053e-01 3.500000000000000000e+02 -6.868583314742087165e-01
7.770002222222222032e-01 3.500000000000000000e+02 -7.588526894410855261e-01
8.880001111111111012e-01 3.500000000000000000e+02 -8.278429534183935345e-01
9.989999999999999991e-01 3.500000000000000000e+02 -7.258906332999468525e-01
9.999999999871223011e-07 3.518888888888889142e+02 -7.237130277694769909e-01
1.110008888888888989e-01 3.518888888888889142e+02 -7.717565105525814317e-01
2.220007777777777969e-01 3.518888888888889142e+02 -7.482842305721819631e-01
3.330006666666666115e-01 3.518888888888889142e+02 -7.314500000761429144e-01
4.440005555555555095e-01 3.518888888888889142e+02 -7.402499832397861912e-01
5.550004444444444074e-01 3.518888888888889142e+02 -7.379387737685491055e-01
6.660003333333333053e-01 3.518888888888889142e+02 -7.552804103811222580e-01
7.770002222222222032e-01 3.518888888888889142e+02 -8.332719690400977042e-01
8.880001111111111012e-01 3.518888888888889142e+02 -9.172075780890649455e-01
9.989999999999999991e-01 3.518888888888889142e+02 -8.080745574422962818e-01
9.999999999871223011e-07 3.537777777777777715e+02 -7.706473621996374757e-01
1.110008888888888989e-01 3.537777777777777715e+02 -8.310749278461164735e-01
2.220007777777777969e-01 3.537777777777777715e+02 -8.046610877004579665e-01
3.330006666666666115e-01 3.537777777777777715e+02 -7.856371450607659845e-01
4.440005555555555095e-01 3.537777777777777715e+02 -7.966836932242573610e-01
5.550004444444444074e-01 3.537777777777777715e+02 -7.917445890024148447e-01
6.660003333333333053e-01 3.537777777777777715e+02 -8.049393093421370882e-01
7.770002222222222032e-01 3.537777777777777715e+02 -8.859317506769253114e-01
8.880001111111111012e-01 3.537777777777777715e+02 -9.819809256035463285e-01
9.989999999999999991e-01 3.537777777777777715e+02 -8.681887890787727269e-01
9.999999999871223011e-07 3.556666666666666856e+02 -8.004064323062802799e-01
1.110008888888888989e-01 3.556666666666666856e+02 -8.699438797049781069e-01
2.220007777777777969e-01 3.556666666666666856e+02 -8.422326983331653860e-01
3.330006666666666115e-01 3.556666666666666856e+02 -8.209861459342276957e-01
4.440005555555555095e-01 3.556666666666666856e+02 -8.341883967197305516e-01
5.550004444444444074e-01 3.556666666666666856e+02 -8.273616005190423950e-01
6.660003333333333053e-01 3.556666666666666856e+02 -8.361831991196324587e-01
7.770002222222222032e-01 3.556666666666666856e+02 -9.168535305558166426e-01
8.880001111111111012e-01 3.556666666666666856e+02 -1.019663901621941982e+00
9.989999999999999991e-01 3.556666666666666856e+02 -9.039412332483550694e-01
9.999999999871223011e-07 3.575555555555555429e+02 -8.156141926844058254e-01
1.110008888888888989e-01 3.575555555555555429e+02 -8.885180672253546463e-01
2.220007777777777969e-01 3.575555555555555429e+02 -8.611995403837622298e-01
3.330006666666666115e-01 3.575555555555555429e+02 -8.377617083782017415e-01
4.440005555555555095e-01 3.575555555555555429e+02 -8.528846116931313448e-01
5.550004444444444074e-01 3.575555555555555429e+02 -8.453659156760889859e-01
6.660003333333333053e-01 3.575555555555555429e+02 -8.504343285917757012e-01
7.770002222222222032e-01 3.575555555555555429e+02 -9.279925830270189246e-01
8.880001111111111012e-01 3.575555555555555429e+02 -1.030966265373538748e+00
9.989999999999999991e-01 3.575555555555555429e+02 -9.152653235174069701e-01
9.999999999871223011e-07 3.594444444444444571e+02 -8.176427169227213909e-01
1.110008888888888989e-01 3.594444444444444571e+02 -8.873702486525649746e-01
2.220007777777777969e-01 3.594444444444444571e+02 -8.619198404215153708e-01
3.330006666666666115e-01 3.594444444444444571e+02 -8.365296399154225071e-01
4.440005555555555095e-01 3.594444444444444571e+02 -8.532525705628315471e-01
5.550004444444444074e-01 3.594444444444444571e+02 -8.464938680733508081e-01
6.660003333333333053e-01 3.594444444444444571e+02 -8.491251518043618773e-01
7.770002222222222032e-01 3.594444444444444571e+02 -9.216672821390092807e-01
8.880001111111111012e-01 3.594444444444444571e+02 -1.018439690331389258e+00
9.989999999999999991e-01 3.594444444444444571e+02 -9.036648179875514941e-01
9.999999999871223011e-07 3.613333333333333144e+02 -8.057385019612324228e-01
1.110008888888888989e-01 3.613333333333333144e+02 -8.666324709784911651e-01
2.220007777777777969e-01 3.613333333333333144e+02 -8.441984749160694745e-01
3.330006666666666115e-01 3.613333333333333144e+02 -8.174450364656405954e-01
4.440005555555555095e-01 3.613333333333333144e+02 -8.354040396300530524e-01
5.550004444444444074e-01 3.613333333333333144e+02 -8.308536457272495124e-01
6.660003333333333053e-01 3.613333333333333144e+02 -8.326471640934047791e-01
7.770002222222222032e-01 3.613333333333333144e+02 -8.988753228836960929e-01
8.880001111111111012e-01 3.613333333333333144e+02 -9.842095533852384115e-01
9.989999999999999991e-01 3.613333333333333144e+02 -8.709071226011348976e-01
9.999999999871223011e-07 3.632222222222222285e+02 -7.771104904269984237e-01
1.110008888888888989e-01 3.632222222222222285e+02 -8.259711337589743518e-01
2.220007777777777969e-01 3.632222222222222285e+02 -8.073674243843317333e-01
3.330006666666666115e-01 3.632222222222222285e+02 -7.802162787933708543e-01
4.440005555555555095e-01 3.632222222222222285e+02 -7.990162979350580175e-01
5.550004444444444074e-01 3.632222222222222285e+02 -7.978538230131193565e-01
6.660003333333333053e-01 3.632222222222222285e+02 -8.002422773501137732e-01
7.770002222222222032e-01 3.632222222222222285e+02 -8.590994769806726827e-01
8.880001111111111012e-01 3.632222222222222285e+02 -9.294036569116310709e-01
9.989999999999999991e-01 3.632222222222222285e+02 -8.185484118773822537e-01
9.999999999871223011e-07 3.651111111111110858e+02 -7.283142697591769021e-01
1.110008888888888989e-01 3.651111111111110858e+02 -7.654009794417363510e-01
2.220007777777777969e-01 3.651111111111110858e+02 -7.511222145861371491e-01
3.330006666666666115e-01 3.651111111111110858e+02 -7.247487954080468198e-01
4.440005555555555095e-01 3.651111111111110858e+02 -7.439838922634408602e-01
5.550004444444444074e-01 3.651111111111110858e+02 -7.469175370591812912e-01
6.660003333333333053e-01 3.651111111111110858e+02 -7.508747458194429125e-01
7.770002222222222032e-01 3.651111111111110858e+02 -8.015473307206156806e-01
8.880001111111111012e-01 3.651111111111110858e+02 -8.552622881586565695e-01
9.989999999999999991e-01 3.651111111111110858e+02 -7.483740514015030376e-01
9.999999999871223011e-07 3.670000000000000000e+02 -6.576994796262580767e-01
1.110008888888888989e-01 3.670000000000000000e+02 -6.860046351875549453e-01
2.220007777777777969e-01 3.670000000000000000e+02 -6.763088556406652296e-01
3.330006666666666115e-01 3.670000000000000000e+02 -6.518004259804588418e-01
4.440005555555555095e-01 3.670000000000000000e+02 -6.710660522282506646e-01
5.550004444444444074e-01 3.670000000000000000e+02 -6.782476649798048207e-01
6.660003333333333053e-01 3.670000000000000000e+02 -6.842445553087163068e-01
7.770002222222222032e-01 3.670000000000000000e+02 -7.264260398031231469e-01
8.880001111111111012e-01 3.670000000000000000e+02 -7.640446745128435246e-01
9.989999999999999991e-01 3.670000000000000000e+02 -6.627460467840569081e-01
