9.999999999871223011e-07 3.500000000000000000e+02 -4.219890349312085953e-01
1.110008888888888989e-01 3.500000000000000000e+02 -4.319450499416898070e-01
2.220007777777777969e-01 3.500000000000000000e+02 -3.928469746730602896e-01
3.330006666666666115e-01 3.500000000000000000e+02 -4.442252314590792173e-01
4.440005555555555095e-01 3.500000000000000000e+02 -4.126114831757354828e-01
5.550004444444444074e-01 3.500000000000000000e+02 -3.676248979302133568e-01
6.660003333333333053e-01 3.500000000000000000e+02 -3.859375209254909400e-01
7.770002222222222032e-01 3.500000000000000000e+02 -4.724312677644094682e-01
8.880001111111111012e-01 3.500000000000000000e+02 -5.336843229347852935e-01
9.989999999999999991e-01 3.500000000000000000e+02 -4.056031820383974029e-01
9.999999999871223011e-07 3.518888888888889142e+02 -4.861600384853630441e-01
1.110008888888888989e-01 3.518888888888889142e+02 -5.134687483416198184e-01
2.220007777777777969e-01 3.518888888888889142e+02 -4.706683769119639482e-01
3.330006666666666115e-01 3.518888888888889142e+02 -5.232221935126938339e-01
4.440005555555555095e-01 3.518888888888889142e+02 -4.882862291443154090e-01
5.550004444444444074e-01 3.518888888888889142e+02 -4.381125028582917302e-01
6.660003333333333053e-01 3.518888888888889142e+02 -4.559605655796089563e-01
7.770002222222222032e-01 3.518888888888889142e+02 -5.535991831422467646e-01
8.880001111111111012e-01 3.518888888888889142e+02 -6.321037542926061237e-01
9.989999999999999991e-01 3.518888888888889142e+02 -4.924437347443192392e-01
9.999999999871223011e-07 3.537777777777777715e+02 -5.342006653036237562e-01
1.110008888888888989e-01 3.537777777777777715e+02 -5.781083288210624449e-01
2.220007777777777969e-01 3.537777777777777715e+02 -5.344157868363917929e-01
3.330006666666666115e-01 3.537777777777777715e+02 -5.855210404423806247e-01
4.440005555555555095e-01 3.537777777777777715e+02 -5.473675174812727695e-01
5.550004444444444074e-01 3.537777777777777715e+02 -4.932014562145016212e-01
6.660003333333333053e-01 3.537777777777777715e+02 -5.100227297307522445e-01
7.770002222222222032e-01 3.537777777777777715e+02 -6.165655782276169283e-01
8.880001111111111012e-01 3.537777777777777715e+02 -7.121271741098441632e-01
9.989999999999999991e-01 3.537777777777777715e+02 -5.637304721547785613e-01
9.999999999871223011e-07 3.556666666666666856e+02 -5.662578496389787386e-01
1.110008888888888989e-01 3.556666666666666856e+02 -6.224293867155837878e-01
2.220007777777777969e-01 3.556666666666666856e+02 -5.812765743655309292e-01
3.330006666666666115e-01 3.556666666666666856e+02 -6.277969481026758336e-01
4.440005555555555095e-01 3.556666666666666856e+02 -5.869769378362772461e-01
5.550004444444444074e-01 3.556666666666666856e+02 -5.307657548304766104e-01
6.660003333333333053e-01 3.556666666666666856e+02 -5.461943114934959542e-01
7.770002222222222032e-01 3.556666666666666856e+02 -6.580118968427042248e-01
8.880001111111111012e-01 3.556666666666666856e+02 -7.675342561091738069e-01
9.989999999999999991e-01 3.556666666666666856e+02 -6.150327849599699359e-01
9.999999999871223011e-07 3.575555555555555429e+02 -5.829759330078905233e-01
1.110008888888888989e-01 3.575555555555555429e+02 -6.438472530366591284e-01
2.220007777777777969e-01 3.575555555555555429e+02 -6.087703561277236775e-01
3.330006666666666115e-01 3.575555555555555429e+02 -6.476859676450534842e-01
4.440005555555555095e-01 3.575555555555555429e+02 -6.051918520935526402e-01
5.550004444444444074e-01 3.575555555555555429e+02 -5.494405628235049521e-01
6.660003333333333053e-01 3.575555555555555429e+02 -5.634528633422447585e-01
7.770002222222222032e-01 3.575555555555555429e+02 -6.760977527970863932e-01
8.880001111111111012e-01 3.575555555555555429e+02 -7.934117846535623242e-01
9.989999999999999991e-01 3.575555555555555429e+02 -6.426060630541271523e-01
9.999999999871223011e-07 3.594444444444444571e+02 -5.846066508247294014e-01
1.110008888888888989e-01 3.594444444444444571e+02 -6.411317923042945122e-01
2.220007777777777969e-01 3.594444444444444571e+02 -6.150076066163759902e-01
3.330006666666666115e-01 3.594444444444444571e+02 -6.442306890545582698e-01
4.440005555555555095e-01 3.594444444444444571e+02 -6.013906441358649602e-01
5.550004444444444074e-01 3.594444444444444571e+02 -5.487402069597708820e-01
6.660003333333333053e-01 3.594444444444444571e+02 -5.616597310584493519e-01
7.770002222222222032e-01 3.594444444444444571e+02 -6.707055995729109821e-01
8.880001111111111012e-01 3.594444444444444571e+02 -7.878555824552481157e-01
9.989999999999999991e-01 3.594444444444444571e+02 -6.443214595454767046e-01
9.999999999871223011e-07 3.613333333333333144e+02 -5.705003479685141210e-01
1.110008888888888989e-01 3.613333333333333144e+02 -6.146189270792113968e-01
2.220007777777777969e-01 3.613333333333333144e+02 -5.989910661206460096e-01
3.330006666666666115e-01 3.613333333333333144e+02 -6.179392453493677273e-01
4.440005555555555095e-01 3.613333333333333144e+02 -5.762594799501964404e-01
5.550004444444444074e-01 3.613333333333333144e+02 -5.290141110184538586e-01
6.660003333333333053e-01 3.613333333333333144e+02 -5.413398368579427355e-01
7.770002222222222032e-01 3.613333333333333144e+02 -6.430337064940910841e-01
8.880001111111111012e-01 3.613333333333333144e+02 -7.523765213819803011e-01
9.989999999999999991e-01 3.613333333333333144e+02 -6.201936168154382756e-01
9.999999999871223011e-07 3.632222222222222285e+02 -5.392873219126319562e-01
1.110008888888888989e-01 3.632222222222222285e+02 -5.661040884848868027e-01
2.220007777777777969e-01 3.632222222222222285e+02 -5.609831878513414916e-01
3.330006666666666115e-01 3.632222222222222285e+02 -5.706015172127493207e-01
4.440005555555555095e-01 3.632222222222222285e+02 -5.315589631082401345e-01
5.550004444444444074e-01 3.632222222222222285e+02 -4.913446666833635179e-01
6.660003333333333053e-01 3.632222222222222285e+02 -5.035267901898872189e-01
7.770002222222222032e-01 3.632222222222222285e+02 -5.951357722801301486e-01
8.880001111111111012e-01 3.632222222222222285e+02 -6.911057502647484085e-01
9.989999999999999991e-01 3.632222222222222285e+02 -5.723562066080127853e-01
9.999999999871223011e-07 3.651111111111110858e+02 -4.897723929904144180e-01
1.110008888888888989e-01 3.651111111111110858e+02 -4.985079019974816283e-01
2.220007777777777969e-01 3.651111111111110858e+02 -5.027127499911072661e-01
3.330006666666666115e-01 3.651111111111110858e+02 -5.049787971457999625e-01
4.440005555555555095e-01 3.651111111111110858e+02 -4.697970109788195403e-01
5.550004444444444074e-01 3.651111111111110858e+02 -4.374333456075359949e-01
6.660003333333333053e-01 3.651111111111110858e+02 -4.497465122418022876e-01
7.770002222222222032e-01 3.651111111111110858e+02 -5.297054257966109514e-01
8.880001111111111012e-01 3.651111111111110858e+02 -6.095211692437949580e-01
9.989999999999999991e-01 3.651111111111110858e+02 -5.045215324414585867e-01
9.999999999871223011e-07 3.670000000000000000e+02 -4.220517208096810080e-01
1.110008888888888989e-01 3.670000000000000000e+02 -4.154073817557664139e-01
2.220007777777777969e-01 3.670000000000000000e+02 -4.271102663427830404e-01
3.330006666666666115e-01 3.670000000000000000e+02 -4.243718922993013898e-01
4.440005555555555095e-01 3.670000000000000000e+02 -3.938631812818549349e-01
5.550004444444444074e-01 3.670000000000000000e+02 -3.694239586802825492e-01
6.660003333333333053e-01 3.670000000000000000e+02 -3.819706242522834527e-01
7.770002222222222032e-01 3.670000000000000000e+02 -4.498498133470330007e-01
8.880001111111111012e-01 3.670000000000000000e+02 -5.131742994476321540e-01
9.989999999999999991e-01 3.670000000000000000e+02 -4.210670290307831909e-01
