9.999999999871223011e-07 3.500000000000000000e+02 -4.578711975173435644e-01
1.110008888888888989e-01 3.500000000000000000e+02 -6.005081896570425570e-01
2.220007777777777969e-01 3.500000000000000000e+02 -6.364957804145419118e-01
3.330006666666666115e-01 3.500000000000000000e+02 -6.507475748421666095e-01
4.440005555555555095e-01 3.500000000000000000e+02 -6.576784244848064009e-01
5.550004444444444074e-01 3.500000000000000000e+02 -6.577273522155365759e-01
6.660003333333333053e-01 3.500000000000000000e+02 -6.726328719109062604e-01
7.770002222222222032e-01 3.500000000000000000e+02 -7.286797625546147517e-01
8.880001111111111012e-01 3.500000000000000000e+02 -7.690786207120825502e-01
9.989999999999999991e-01 3.500000000000000000e+02 -6.488637815809125131e-01
9.999999999871223011e-07 3.518888888888889142e+02 -5.246880500180547413e-01
1.110008888888888989e-01 3.518888888888889142e+02 -6.793898227456014460e-01
2.220007777777777969e-01 3.518888888888889142e+02 -7.105144114200592220e-01
3.330006666666666115e-01 3.518888888888889142e+02 -7.237578006798051078e-01
4.440005555555555095e-01 3.518888888888889142e+02 -7.327005790463421153e-01
5.550004444444444074e-01 3.518888888888889142e+02 -7.303738014249410160e-01
6.660003333333333053e-01 3.518888888888889142e+02 -7.427827778670613723e-01
7.770002222222222032e-01 3.518888888888889142e+02 -8.059160407220334887e-01
8.880001111111111012e-01 3.518888888888889142e+02 -8.611626605061052375e-01
9.989999999999999991e-01 3.518888888888889142e+02 -7.337160413962546812e-01
9.999999999871223011e-07 3.537777777777777715e+02 -5.783667648185060184e-01
1.110008888888888989e-01 3.537777777777777715e+02 -7.406349442530253402e-01
2.220007777777777969e-01 3.537777777777777715e+02 -7.657631175836773219e-01
3.330006666666666115e-01 3.537777777777777715e+02 -7.779770836440288440e-01
4.440005555555555095e-01 3.537777777777777715e+02 -7.894444186065612268e-01
5.550004444444444074e-01 3.537777777777777715e+02 -7.850542190525146014e-01
6.660003333333333053e-01 3.537777777777777715e+02 -7.942792859541050188e-01
7.770002222222222032e-01 3.537777777777777715e+02 -8.624254273861893250e-01
8.880001111111111012e-01 3.537777777777777715e+02 -9.318879692754861166e-01
9.989999999999999991e-01 3.537777777777777715e+02 -8.003394887873647168e-01
9.999999999871223011e-07 3.556666666666666856e+02 -6.193838707292780299e-01
1.110008888888888989e-01 3.556666666666666856e+02 -7.825959683726892990e-01
2.220007777777777969e-01 3.556666666666666856e+02 -8.010327384802421458e-01
3.330006666666666115e-01 3.556666666666666856e+02 -8.124781486978378542e-01
4.440005555555555095e-01 3.556666666666666856e+02 -8.270017210868296775e-01
5.550004444444444074e-01 3.556666666666666856e+02 -8.213497284552938593e-01
6.660003333333333053e-01 3.556666666666666856e+02 -8.272104233403198004e-01
7.770002222222222032e-01 3.556666666666666856e+02 -8.976541303426800456e-01
8.880001111111111012e-01 3.556666666666666856e+02 -9.782047198565516632e-01
9.989999999999999991e-01 3.556666666666666856e+02 -8.460861443014371375e-01
9.999999999871223011e-07 3.575555555555555429e+02 -6.482184326341919878e-01
1.110008888888888989e-01 3.575555555555555429e+02 -8.044466486412114037e-01
2.220007777777777969e-01 3.575555555555555429e+02 -8.162388774214748288e-01
3.330006666666666115e-01 3.575555555555555429e+02 -8.274690156587317658e-01
4.440005555555555095e-01 3.575555555555555429e+02 -8.454902482707610245e-01
5.550004444444444074e-01 3.575555555555555429e+02 -8.397720307502323234e-01
6.660003333333333053e-01 3.575555555555555429e+02 -8.427913789935858047e-01
7.770002222222222032e-01 3.575555555555555429e+02 -9.128883562123146778e-01
8.880001111111111012e-01 3.575555555555555429e+02 -9.993546003689199875e-01
9.989999999999999991e-01 3.575555555555555429e+02 -8.695441056698580695e-01
9.999999999871223011e-07 3.594444444444444571e+02 -6.644642071560226126e-01
1.110008888888888989e-01 3.594444444444444571e+02 -8.058748576737216895e-01
2.220007777777777969e-01 3.594444444444444571e+02 -8.118526644258271530e-01
3.330006666666666115e-01 3.594444444444444571e+02 -8.236235230064146151e-01
4.440005555555555095e-01 3.594444444444444571e+02 -8.454152038901096011e-01
5.550004444444444074e-01 3.594444444444444571e+02 -8.410391093002010932e-01
6.660003333333333053e-01 3.594444444444444571e+02 -8.423547261905489636e-01
7.770002222222222032e-01 3.594444444444444571e+02 -9.099651538596897904e-01
8.880001111111111012e-01 3.594444444444444571e+02 -9.962296494416814641e-01
9.989999999999999991e-01 3.594444444444444571e+02 -8.703838917033818179e-01
9.999999999871223011e-07 3.613333333333333144e+02 -6.662675903240140585e-01
1.110008888888888989e-01 3.613333333333333144e+02 -7.866811068558081654e-01
2.220007777777777969e-01 3.613333333333333144e+02 -7.882737257452167023e-01
3.330006666666666115e-01 3.613333333333333144e+02 -8.013595551359965485e-01
4.440005555555555095e-01 3.613333333333333144e+02 -8.269192327450622937e-01
5.550004444444444074e-01 3.613333333333333144e+02 -8.252625961047185266e-01
6.660003333333333053e-01 3.613333333333333144e+02 -8.262785046794471899e-01
7.770002222222222032e-01 3.613333333333333144e+02 -8.896704038205520693e-01
8.880001111111111012e-01 3.613333333333333144e+02 -9.697698192780168647e-01
9.989999999999999991e-01 3.613333333333333144e+02 -8.487442313229395241e-01
9.999999999871223011e-07 3.632222222222222285e+02 -6.504267949483695244e-01
1.110008888888888989e-01 3.632222222222222285e+02 -7.468456596769168510e-01
2.220007777777777969e-01 3.632222222222222285e+02 -7.457912979406781107e-01
3.330006666666666115e-01 3.632222222222222285e+02 -7.607719293451208342e-01
4.440005555555555095e-01 3.632222222222222285e+02 -7.897264558318718430e-01
5.550004444444444074e-01 3.632222222222222285e+02 -7.918682065764937050e-01
6.660003333333333053e-01 3.632222222222222285e+02 -7.938331359657272435e-01
7.770002222222222032e-01 3.632222222222222285e+02 -8.514408160730029262e-01
8.880001111111111012e-01 3.632222222222222285e+02 -9.205259450872828042e-01
9.989999999999999991e-01 3.632222222222222285e+02 -8.051323863106574219e-01
9.999999999871223011e-07 3.651111111111110858e+02 -6.135482625239014887e-01
1.110008888888888989e-01 3.651111111111110858e+02 -6.870409414854110608e-01
2.220007777777777969e-01 3.651111111111110858e+02 -6.850868202004978258e-01
3.330006666666666115e-01 3.651111111111110858e+02 -7.022022734093190666e-01
4.440005555555555095e-01 3.651111111111110858e+02 -7.338177219878476709e-01
5.550004444444444074e-01 3.651111111111110858e+02 -7.403274111809085012e-01
6.660003333333333053e-01 3.651111111111110858e+02 -7.440408413175773061e-01
7.770002222222222032e-01 3.651111111111110858e+02 -7.945265806735577474e-01
8.880001111111111012e-01 3.651111111111110858e+02 -8.496660593852541909e-01
9.989999999999999991e-01 3.651111111111110858e+02 -7.409460630543672766e-01
9.999999999871223011e-07 3.670000000000000000e+02 -5.539779876416839333e-01
1.110008888888888989e-01 3.670000000000000000e+02 -6.089781247470511527e-01
2.220007777777777969e-01 3.670000000000000000e+02 -6.076551644448360268e-01
3.330006666666666115e-01 3.670000000000000000e+02 -6.267868011691233310e-01
4.440005555555555095e-01 3.670000000000000000e+02 -6.600763434538162722e-01
5.550004444444444074e-01 3.670000000000000000e+02 -6.709358108108810503e-01
6.660003333333333053e-01 3.670000000000000000e+02 -6.767015937528593206e-01
7.770002222222222032e-01 3.670000000000000000e+02 -7.192700880075226788e-01
8.880001111111111012e-01 3.670000000000000000e+02 -7.597620046194890620e-01
9.989999999999999991e-01 3.670000000000000000e+02 -6.587207843548268382e-01
