9.999999999871223011e-07 3.500000000000000000e+02 -4.007427569529673494e-01
1.110008888888888989e-01 3.500000000000000000e+02 -3.109287412849266463e-01
2.220007777777777969e-01 3.500000000000000000e+02 -2.940244759146568576e-01
3.330006666666666115e-01 3.500000000000000000e+02 -2.823438277620718972e-01
4.440005555555555095e-01 3.500000000000000000e+02 -2.841735349523412113e-01
5.550004444444444074e-01 3.500000000000000000e+02 -2.950607584399653760e-01
6.660003333333333053e-01 3.500000000000000000e+02 -3.465870958894101683e-01
7.770002222222222032e-01 3.500000000000000000e+02 -4.515782585443832708e-01
8.880001111111111012e-01 3.500000000000000000e+02 -5.248985881947632048e-01
9.989999999999999991e-01 3.500000000000000000e+02 -3.939645871142660738e-01
9.999999999871223011e-07 3.518888888888889142e+02 -4.572225043373240316e-01
1.110008888888888989e-01 3.518888888888889142e+02 -3.968215559881246302e-01
2.220007777777777969e-01 3.518888888888889142e+02 -3.795753666965330231e-01
3.330006666666666115e-01 3.518888888888889142e+02 -3.662591890619815160e-01
4.440005555555555095e-01 3.518888888888889142e+02 -3.663764672702338743e-01
5.550004444444444074e-01 3.518888888888889142e+02 -3.730926183517745409e-01
6.660003333333333053e-01 3.518888888888889142e+02 -4.229005854621287197e-01
7.770002222222222032e-01 3.518888888888889142e+02 -5.362468874307650957e-01
8.880001111111111012e-01 3.518888888888889142e+02 -6.214903868182387603e-01
9.989999999999999991e-01 3.518888888888889142e+02 -4.730633109806436920e-01
9.999999999871223011e-07 3.537777777777777715e+02 -4.922776997762610685e-01
1.110008888888888989e-01 3.537777777777777715e+02 -4.669832409206695623e-01
2.220007777777777969e-01 3.537777777777777715e+02 -4.542045443376567793e-01
3.330006666666666115e-01 3.537777777777777715e+02 -4.392738975963609294e-01
4.440005555555555095e-01 3.537777777777777715e+02 -4.365013123482416324e-01
5.550004444444444074e-01 3.537777777777777715e+02 -4.377140747728636150e-01
6.660003333333333053e-01 3.537777777777777715e+02 -4.832259007198524969e-01
7.770002222222222032e-01 3.537777777777777715e+02 -6.003850382576706446e-01
8.880001111111111012e-01 3.537777777777777715e+02 -6.938160438644126460e-01
9.989999999999999991e-01 3.537777777777777715e+02 -5.304301597640936894e-01
9.999999999871223011e-07 3.556666666666666856e+02 -5.063708027398310385e-01
1.110008888888888989e-01 3.556666666666666856e+02 -5.168130565541128041e-01
2.220007777777777969e-01 3.556666666666666856e+02 -5.144082843539365957e-01
3.330006666666666115e-01 3.556666666666666856e+02 -4.980136796961192047e-01
4.440005555555555095e-01 3.556666666666666856e+02 -4.911775409884489019e-01
5.550004444444444074e-01 3.556666666666666856e+02 -4.859460427655797332e-01
6.660003333333333053e-01 3.556666666666666856e+02 -5.246869162968182954e-01
7.770002222222222032e-01 3.556666666666666856e+02 -6.396608117205883071e-01
8.880001111111111012e-01 3.556666666666666856e+02 -7.347277466516723976e-01
9.989999999999999991e-01 3.556666666666666856e+02 -5.617149646421554232e-01
9.999999999871223011e-07 3.575555555555555429e+02 -5.013912117592183026e-01
1.110008888888888989e-01 3.575555555555555429e+02 -5.424222885927824089e-01
2.220007777777777969e-01 3.575555555555555429e+02 -5.563644723912574142e-01
3.330006666666666115e-01 3.575555555555555429e+02 -5.388646990595094000e-01
4.440005555555555095e-01 3.575555555555555429e+02 -5.270752570618737476e-01
5.550004444444444074e-01 3.575555555555555429e+02 -5.151892762493330835e-01
6.660003333333333053e-01 3.575555555555555429e+02 -5.453596182333687592e-01
7.770002222222222032e-01 3.575555555555555429e+02 -6.518933194232428008e-01
8.880001111111111012e-01 3.575555555555555429e+02 -7.404376767593283670e-01
9.989999999999999991e-01 3.575555555555555429e+02 -5.649639379354682855e-01
9.999999999871223011e-07 3.594444444444444571e+02 -4.794647557910246549e-01
1.110008888888888989e-01 3.594444444444444571e+02 -5.416047289770968831e-01
2.220007777777777969e-01 3.594444444444444571e+02 -5.763888184594854192e-01
3.330006666666666115e-01 3.594444444444444571e+02 -5.584502346264583750e-01
4.440005555555555095e-01 3.594444444444444571e+02 -5.414388009743321684e-01
5.550004444444444074e-01 3.594444444444444571e+02 -5.236266219239195108e-01
6.660003333333333053e-01 3.594444444444444571e+02 -5.445323055075855789e-01
7.770002222222222032e-01 3.594444444444444571e+02 -6.375343072520031074e-01
8.880001111111111012e-01 3.594444444444444571e+02 -7.122661546021362700e-01
9.989999999999999991e-01 3.594444444444444571e+02 -5.412836684160213796e-01
9.999999999871223011e-07 3.613333333333333144e+02 -4.422310549975906335e-01
1.110008888888888989e-01 3.613333333333333144e+02 -5.145125014748586079e-01
2.220007777777777969e-01 3.613333333333333144e+02 -5.716735021809209449e-01
3.330006666666666115e-01 3.613333333333333144e+02 -5.543119735730169806e-01
4.440005555555555095e-01 3.613333333333333144e+02 -5.326838739927894917e-01
5.550004444444444074e-01 3.613333333333333144e+02 -5.105570382961127640e-01
6.660003333333333053e-01 3.613333333333333144e+02 -5.226638027264146613e-01
7.770002222222222032e-01 3.613333333333333144e+02 -5.990960744384220549e-01
8.880001111111111012e-01 3.613333333333333144e+02 -6.556692164536265244e-01
9.989999999999999991e-01 3.613333333333333144e+02 -4.942778980594125793e-01
9.999999999871223011e-07 3.632222222222222285e+02 -3.908165238066768077e-01
1.110008888888888989e-01 3.632222222222222285e+02 -4.636199425041486188e-01
2.220007777777777969e-01 3.632222222222222285e+02 -5.411980770691355858e-01
3.330006666666666115e-01 3.632222222222222285e+02 -5.256337825075315662e-01
4.440005555555555095e-01 3.632222222222222285e+02 -5.008494738391531254e-01
5.550004444444444074e-01 3.632222222222222285e+02 -4.765753721678096522e-01
6.660003333333333053e-01 3.632222222222222285e+02 -4.812265758653604397e-01
7.770002222222222032e-01 3.632222222222222285e+02 -5.402641244547885524e-01
8.880001111111111012e-01 3.632222222222222285e+02 -5.777740429512281395e-01
9.989999999999999991e-01 3.632222222222222285e+02 -4.287724805048880317e-01
9.999999999871223011e-07 3.651111111111110858e+02 -3.262444325451107074e-01
1.110008888888888989e-01 3.651111111111110858e+02 -3.930071710671808605e-01
2.220007777777777969e-01 3.651111111111110858e+02 -4.863454972421041855e-01
3.330006666666666115e-01 3.651111111111110858e+02 -4.736619692234775858e-01
4.440005555555555095e-01 3.651111111111110858e+02 -4.476823451819768040e-01
5.550004444444444074e-01 3.651111111111110858e+02 -4.235144371423490428e-01
6.660003333333333053e-01 3.651111111111110858e+02 -4.225210443979428021e-01
7.770002222222222032e-01 3.651111111111110858e+02 -4.651720363520476242e-01
8.880001111111111012e-01 3.651111111111110858e+02 -4.852984760415554044e-01
9.989999999999999991e-01 3.651111111111110858e+02 -3.496074696008836247e-01
9.999999999871223011e-07 3.670000000000000000e+02 -2.498894980377945885e-01
1.110008888888888989e-01 3.670000000000000000e+02 -3.073895397469784685e-01
2.220007777777777969e-01 3.670000000000000000e+02 -4.106324058370195429e-01
3.330006666666666115e-01 3.670000000000000000e+02 -4.014802949883707894e-01
4.440005555555555095e-01 3.670000000000000000e+02 -3.762569430323002839e-01
5.550004444444444074e-01 3.670000000000000000e+02 -3.541064122358056343e-01
6.660003333333333053e-01 3.670000000000000000e+02 -3.493744981445476849e-01
7.770002222222222032e-01 3.670000000000000000e+02 -3.778215271882752191e-01
8.880001111111111012e-01 3.670000000000000000e+02 -3.835452409691937348e-01
9.989999999999999991e-01 3.670000000000000000e+02 -2.609052189420028034e-01
