9.999999999871223011e-07 3.500000000000000000e+02 -2.168117666031808000e-01
1.110008888888888989e-01 3.500000000000000000e+02 -2.883634348223650390e-01
2.220007777777777969e-01 3.500000000000000000e+02 -2.682695732115795151e-01
3.330006666666666115e-01 3.500000000000000000e+02 -2.633843800257851253e-01
4.440005555555555095e-01 3.500000000000000000e+02 -2.606679979201025343e-01
5.550004444444444074e-01 3.500000000000000000e+02 -2.622199703002302540e-01
6.660003333333333053e-01 3.500000000000000000e+02 -3.074769318043494293e-01
7.770002222222222032e-01 3.500000000000000000e+02 -3.871968274574129065e-01
8.880001111111111012e-01 3.500000000000000000e+02 -3.931865808123674588e-01
9.989999999999999991e-01 3.500000000000000000e+02 -2.113674863836121354e-01
9.999999999871223011e-07 3.518888888888889142e+02 -2.592022880438061838e-01
1.110008888888888989e-01 3.518888888888889142e+02 -3.778910647160309555e-01
2.220007777777777969e-01 3.518888888888889142e+02 -3.476436266857336754e-01
3.330006666666666115e-01 3.518888888888889142e+02 -3.405644475260639625e-01
4.440005555555555095e-01 3.518888888888889142e+02 -3.334827504816255672e-01
5.550004444444444074e-01 3.518888888888889142e+02 -3.301387266325886971e-01
6.660003333333333053e-01 3.518888888888889142e+02 -3.783737782592199173e-01
7.770002222222222032e-01 3.518888888888889142e+02 -4.751394275498809217e-01
8.880001111111111012e-01 3.518888888888889142e+02 -4.979348979576873058e-01
9.989999999999999991e-01 3.518888888888889142e+02 -2.992920302183802450e-01
9.999999999871223011e-07 3.537777777777777715e+02 -2.806502056203751261e-01
1.110008888888888989e-01 3.537777777777777715e+02 -4.509804256997114180e-01
2.220007777777777969e-01 3.537777777777777715e+02 -4.113522116674989126e-01
3.330006666666666115e-01 3.537777777777777715e+02 -4.001550899686410201e-01
4.440005555555555095e-01 3.537777777777777715e+02 -3.868910501109704692e-01
5.550004444444444074e-01 3.537777777777777715e+02 -3.781583286623764195e-01
6.660003333333333053e-01 3.537777777777777715e+02 -4.281672424302507274e-01
7.770002222222222032e-01 3.537777777777777715e+02 -5.406525114507269025e-01
8.880001111111111012e-01 3.537777777777777715e+02 -5.836681375322860799e-01
9.989999999999999991e-01 3.537777777777777715e+02 -3.731815126310441544e-01
9.999999999871223011e-07 3.556666666666666856e+02 -2.819948012827957484e-01
1.110008888888888989e-01 3.556666666666666856e+02 -5.023049346083992006e-01
2.220007777777777969e-01 3.556666666666666856e+02 -4.554610648340662316e-01
3.330006666666666115e-01 3.556666666666666856e+02 -4.380367876144093398e-01
4.440005555555555095e-01 3.556666666666666856e+02 -4.172599000840431227e-01
5.550004444444444074e-01 3.556666666666666856e+02 -4.034634701542086921e-01
6.660003333333333053e-01 3.556666666666666856e+02 -4.538689628829876144e-01
7.770002222222222032e-01 3.556666666666666856e+02 -5.781320496951964927e-01
8.880001111111111012e-01 3.556666666666666856e+02 -6.420726378657903854e-01
9.989999999999999991e-01 3.556666666666666856e+02 -4.280520900588864475e-01
9.999999999871223011e-07 3.575555555555555429e+02 -2.654148689268623351e-01
1.110008888888888989e-01 3.575555555555555429e+02 -5.273932570620225579e-01
2.220007777777777969e-01 3.575555555555555429e+02 -4.768038382868371450e-01
3.330006666666666115e-01 3.575555555555555429e+02 -4.513894187951029702e-01
4.440005555555555095e-01 3.575555555555555429e+02 -4.227375494193711392e-01
5.550004444444444074e-01 3.575555555555555429e+02 -4.051143673122225008e-01
6.660003333333333053e-01 3.575555555555555429e+02 -4.547333998089153617e-01
7.770002222222222032e-01 3.575555555555555429e+02 -5.848532470313561049e-01
8.880001111111111012e-01 3.575555555555555429e+02 -6.662699181930570314e-01
9.989999999999999991e-01 3.575555555555555429e+02 -4.593277626360811050e-01
9.999999999871223011e-07 3.594444444444444571e+02 -2.334967461455487725e-01
1.110008888888888989e-01 3.594444444444444571e+02 -5.238942775540096353e-01
2.220007777777777969e-01 3.594444444444444571e+02 -4.736597124488327593e-01
3.330006666666666115e-01 3.594444444444444571e+02 -4.394697672309996195e-01
4.440005555555555095e-01 3.594444444444444571e+02 -4.037829077933842159e-01
5.550004444444444074e-01 3.594444444444444571e+02 -3.842509079916804904e-01
6.660003333333333053e-01 3.594444444444444571e+02 -4.323443764575242154e-01
7.770002222222222032e-01 3.594444444444444571e+02 -5.619480058470256445e-01
8.880001111111111012e-01 3.594444444444444571e+02 -6.537568180595777489e-01
9.989999999999999991e-01 3.594444444444444571e+02 -4.640395359427020860e-01
9.999999999871223011e-07 3.613333333333333144e+02 -1.885786422317148325e-01
1.110008888888888989e-01 3.613333333333333144e+02 -4.923701757980080140e-01
2.220007777777777969e-01 3.613333333333333144e+02 -4.461765512634244812e-01
3.330006666666666115e-01 3.613333333333333144e+02 -4.037936171729277213e-01
4.440005555555555095e-01 3.613333333333333144e+02 -3.629553573700624591e-01
5.550004444444444074e-01 3.613333333333333144e+02 -3.436392479038217207e-01
6.660003333333333053e-01 3.613333333333333144e+02 -3.898765880879553336e-01
7.770002222222222032e-01 3.613333333333333144e+02 -5.135527995387912936e-01
8.880001111111111012e-01 3.613333333333333144e+02 -6.074923981611969337e-01
9.989999999999999991e-01 3.613333333333333144e+02 -4.417695775168263284e-01
9.999999999871223011e-07 3.632222222222222285e+02 -1.325815593028578654e-01
1.110008888888888989e-01 3.632222222222222285e+02 -4.360939101521663641e-01
2.220007777777777969e-01 3.632222222222222285e+02 -3.964086861315893051e-01
3.330006666666666115e-01 3.632222222222222285e+02 -3.476460094334548057e-01
4.440005555555555095e-01 3.632222222222222285e+02 -3.040949964296569830e-01
5.550004444444444074e-01 3.632222222222222285e+02 -2.868509769932382492e-01
6.660003333333333053e-01 3.632222222222222285e+02 -3.311279975424651356e-01
7.770002222222222032e-01 3.632222222222222285e+02 -4.451425637608218411e-01
8.880001111111111012e-01 3.632222222222222285e+02 -5.343251067528888010e-01
9.989999999999999991e-01 3.632222222222222285e+02 -3.948098511591264792e-01
9.999999999871223011e-07 3.651111111111110858e+02 -6.711679833849892862e-02
1.110008888888888989e-01 3.651111111111110858e+02 -3.600096022387195838e-01
2.220007777777777969e-01 3.651111111111110858e+02 -3.278696997236096866e-01
3.330006666666666115e-01 3.651111111111110858e+02 -2.751998429791920886e-01
4.440005555555555095e-01 3.651111111111110858e+02 -2.313692205452014816e-01
5.550004444444444074e-01 3.651111111111110858e+02 -2.175082233758106609e-01
6.660003333333333053e-01 3.651111111111110858e+02 -2.598041321433045558e-01
7.770002222222222032e-01 3.651111111111110858e+02 -3.621626275792819705e-01
8.880001111111111012e-01 3.651111111111110858e+02 -4.422491763098019835e-01
9.989999999999999991e-01 3.651111111111110858e+02 -3.274183397856880173e-01
9.999999999871223011e-07 3.670000000000000000e+02 6.318950219250218936e-03
1.110008888888888989e-01 3.670000000000000000e+02 -2.694949270958071352e-01
2.220007777777777969e-01 3.670000000000000000e+02 -2.447274122531091223e-01
3.330006666666666115e-01 3.670000000000000000e+02 -1.906635509372314186e-01
4.440005555555555095e-01 3.670000000000000000e+02 -1.485889194138440006e-01
5.550004444444444074e-01 3.670000000000000000e+02 -1.388256248002189830e-01
6.660003333333333053e-01 3.670000000000000000e+02 -1.791383375541729661e-01
7.770002222222222032e-01 3.670000000000000000e+02 -2.692493063493095473e-01
8.880001111111111012e-01 3.670000000000000000e+02 -3.382765824617705031e-01
9.989999999999999991e-01 3.670000000000000000e+02 -2.445810874065224017e-01
