9.999999999871223011e-07 3.500000000000000000e+02 -8.097165794879250811e-01
1.110008888888888989e-01 3.500000000000000000e+02 -7.989108237590134554e-01
2.220007777777777969e-01 3.500000000000000000e+02 -7.969464161976860250e-01
3.330006666666666115e-01 3.500000000000000000e+02 -7.892370128956633923e-01
4.440005555555555095e-01 3.500000000000000000e+02 -7.916721070032727292e-01
5.550004444444444074e-01 3.500000000000000000e+02 -7.848125610827936249e-01
6.660003333333333053e-01 3.500000000000000000e+02 -7.977454923939348852e-01
7.770002222222222032e-01 3.500000000000000000e+02 -8.584880660753884118e-01
8.880001111111111012e-01 3.500000000000000000e+02 -9.124659361784178691e-01
9.989999999999999991e-01 3.500000000000000000e+02 -8.047515737761445909e-01
9.999999999871223011e-07 3.518888888888889142e+02 -8.763779888078230274e-01
1.110008888888888989e-01 3.518888888888889142e+02 -8.756409268313971594e-01
2.220007777777777969e-01 3.518888888888889142e+02 -8.718505987504527877e-01
3.330006666666666115e-01 3.518888888888889142e+02 -8.641748234502927284e-01
4.440005555555555095e-01 3.518888888888889142e+02 -8.667446685357511615e-01
5.550004444444444074e-01 3.518888888888889142e+02 -8.546738103698583444e-01
6.660003333333333053e-01 3.518888888888889142e+02 -8.640071492883365512e-01
7.770002222222222032e-01 3.518888888888889142e+02 -9.315989419203097865e-01
8.880001111111111012e-01 3.518888888888889142e+02 -1.001849155339683550e+00
9.989999999999999991e-01 3.518888888888889142e+02 -8.894590560278117231e-01
9.999999999871223011e-07 3.537777777777777715e+02 -9.207805672396677243e-01
1.110008888888888989e-01 3.537777777777777715e+02 -9.314767013459844813e-01
2.220007777777777969e-01 3.537777777777777715e+02 -9.276755714273301479e-01
3.330006666666666115e-01 3.537777777777777715e+02 -9.205528629207863078e-01
4.440005555555555095e-01 3.537777777777777715e+02 -9.227950888238166671e-01
5.550004444444444074e-01 3.537777777777777715e+02 -9.052748589696353321e-01
6.660003333333333053e-01 3.537777777777777715e+02 -9.102244394767038393e-01
7.770002222222222032e-01 3.537777777777777715e+02 -9.822220150336173905e-01
8.880001111111111012e-01 3.537777777777777715e+02 -1.067169239862298058e+00
9.989999999999999991e-01 3.537777777777777715e+02 -9.535096177886360769e-01
9.999999999871223011e-07 3.556666666666666856e+02 -9.471414885640317971e-01
1.110008888888888989e-01 3.556666666666666856e+02 -9.670210571268306188e-01
2.220007777777777969e-01 3.556666666666666856e+02 -9.651041590177650287e-01
3.330006666666666115e-01 3.556666666666666856e+02 -9.589380617470121271e-01
4.440005555555555095e-01 3.556666666666666856e+02 -9.603816180358376586e-01
5.550004444444444074e-01 3.556666666666666856e+02 -9.377877410172550388e-01
6.660003333333333053e-01 3.556666666666666856e+02 -9.382033956003088537e-01
7.770002222222222032e-01 3.556666666666666856e+02 -1.011858735708143442e+00
8.880001111111111012e-01 3.556666666666666856e+02 -1.107478877743319767e+00
9.989999999999999991e-01 3.556666666666666856e+02 -9.955754606336898460e-01
9.999999999871223011e-07 3.575555555555555429e+02 -9.603066403483444535e-01
1.110008888888888989e-01 3.575555555555555429e+02 -9.841499441004513127e-01
2.220007777777777969e-01 3.575555555555555429e+02 -9.858910701374850039e-01
3.330006666666666115e-01 3.575555555555555429e+02 -9.809079146531787252e-01
4.440005555555555095e-01 3.575555555555555429e+02 -9.811344895791600518e-01
5.550004444444444074e-01 3.575555555555555429e+02 -9.543814479021255348e-01
6.660003333333333053e-01 3.575555555555555429e+02 -9.508859460896320615e-01
7.770002222222222032e-01 3.575555555555555429e+02 -1.023988115108419805e+00
8.880001111111111012e-01 3.575555555555555429e+02 -1.124960457400077551e+00
9.989999999999999991e-01 3.575555555555555429e+02 -1.016239325262429105e+00
9.999999999871223011e-07 3.594444444444444571e+02 -9.628278273853474456e-01
1.110008888888888989e-01 3.594444444444444571e+02 -9.845344737328505236e-01
2.220007777777777969e-01 3.594444444444444571e+02 -9.912761175386562984e-01
3.330006666666666115e-01 3.594444444444444571e+02 -9.876008619950310541e-01
4.440005555555555095e-01 3.594444444444444571e+02 -9.863813035462248857e-01
5.550004444444444074e-01 3.594444444444444571e+02 -9.568268240154363946e-01
6.660003333333333053e-01 3.594444444444444571e+02 -9.506643423997817033e-01
7.770002222222222032e-01 3.594444444444444571e+02 -1.021764596476550047e+00
8.880001111111111012e-01 3.594444444444444571e+02 -1.122549493970246282e+00
9.989999999999999991e-01 3.594444444444444571e+02 -1.016721161641571447e+00
9.999999999871223011e-07 3.613333333333333144e+02 -9.539527289123324039e-01
1.110008888888888989e-01 3.613333333333333144e+02 -9.681758790526284741e-01
2.220007777777777969e-01 3.613333333333333144e+02 -9.806504171240649770e-01
3.330006666666666115e-01 3.613333333333333144e+02 -9.783788026906047319e-01
4.440005555555555095e-01 3.613333333333333144e+02 -9.757669925901218955e-01
5.550004444444444074e-01 3.613333333333333144e+02 -9.451575557662673654e-01
6.660003333333333053e-01 3.613333333333333144e+02 -9.378722194615182195e-01
7.770002222222222032e-01 3.613333333333333144e+02 -1.005800779740619877e+00
8.880001111111111012e-01 3.613333333333333144e+02 -1.100994770359920327e+00
9.989999999999999991e-01 3.613333333333333144e+02 -9.972109831326266827e-01
9.999999999871223011e-07 3.632222222222222285e+02 -9.294838156453295586e-01
1.110008888888888989e-01 3.632222222222222285e+02 -9.333840846470514707e-01
2.220007777777777969e-01 3.632222222222222285e+02 -9.516058831416257524e-01
3.330006666666666115e-01 3.632222222222222285e+02 -9.508219205327387291e-01
4.440005555555555095e-01 3.632222222222222285e+02 -9.471886806445447560e-01
5.550004444444444074e-01 3.632222222222222285e+02 -9.175582865449686265e-01
6.660003333333333053e-01 3.632222222222222285e+02 -9.106492445974652128e-01
7.770002222222222032e-01 3.632222222222222285e+02 -9.739684025724911764e-01
8.880001111111111012e-01 3.632222222222222285e+02 -1.058552303163912356e+00
9.989999999999999991e-01 3.632222222222222285e+02 -9.567392346175963569e-01
9.999999999871223011e-07 3.651111111111110858e+02 -8.833475383669164849e-01
1.110008888888888989e-01 3.651111111111110858e+02 -8.782293423880876970e-01
2.220007777777777969e-01 3.651111111111110858e+02 -9.014857126675537291e-01
3.330006666666666115e-01 3.651111111111110858e+02 -9.022505458246908860e-01
4.440005555555555095e-01 3.651111111111110858e+02 -8.982286764495041043e-01
5.550004444444444074e-01 3.651111111111110858e+02 -8.716048970716187005e-01
6.660003333333333053e-01 3.651111111111110858e+02 -8.662475721378471993e-01
7.770002222222222032e-01 3.651111111111110858e+02 -9.232740294935838365e-01
8.880001111111111012e-01 3.651111111111110858e+02 -9.934332070361341360e-01
9.989999999999999991e-01 3.651111111111110858e+02 -8.947033568354302302e-01
9.999999999871223011e-07 3.670000000000000000e+02 -8.116522345045997788e-01
1.110008888888888989e-01 3.670000000000000000e+02 -8.020880391682682076e-01
2.220007777777777969e-01 3.670000000000000000e+02 -8.292824085791985489e-01
3.330006666666666115e-01 3.670000000000000000e+02 -8.315695800173993346e-01
4.440005555555555095e-01 3.670000000000000000e+02 -8.278321290323534809e-01
5.550004444444444074e-01 3.670000000000000000e+02 -8.058047166009503215e-01
6.660003333333333053e-01 3.670000000000000000e+02 -8.027274370160913941e-01
7.770002222222222032e-01 3.670000000000000000e+02 -8.520848075401105115e-01
8.880001111111111012e-01 3.670000000000000000e+02 -9.061853611729091540e-01
9.989999999999999991e-01 3.670000000000000000e+02 -8.122669264801923861e-01
