9.999999999871223011e-07 3.500000000000000000e+02 -6.565596371618325211e-01
1.110008888888888989e-01 3.500000000000000000e+02 -6.069112937287868270e-01
2.220007777777777969e-01 3.500000000000000000e+02 -6.412149436196622476e-01
3.330006666666666115e-01 3.500000000000000000e+02 -6.531091575822068895e-01
4.440005555555555095e-01 3.500000000000000000e+02 -6.616607513957215581e-01
5.550004444444444074e-01 3.500000000000000000e+02 -6.612461595565702899e-01
6.660003333333333053e-01 3.500000000000000000e+02 -6.754185999795201401e-01
7.770002222222222032e-01 3.500000000000000000e+02 -7.308569832725656523e-01
8.880001111111111012e-01 3.500000000000000000e+02 -7.701444491327698039e-01
9.989999999999999991e-01 3.500000000000000000e+02 -6.494749703443879474e-01
9.999999999871223011e-07 3.518888888888889142e+02 -7.226755287715722620e-01
1.110008888888888989e-01 3.518888888888889142e+02 -6.884641288936934611e-01
2.220007777777777969e-01 3.518888888888889142e+02 -7.185214229471735825e-01
3.330006666666666115e-01 3.518888888888889142e+02 -7.259777943955270096e-01
4.440005555555555095e-01 3.518888888888889142e+02 -7.362063087285438678e-01
5.550004444444444074e-01 3.518888888888889142e+02 -7.336071611654771951e-01
6.660003333333333053e-01 3.518888888888889142e+02 -7.454520363368675184e-01
7.770002222222222032e-01 3.518888888888889142e+02 -8.081219933199712546e-01
8.880001111111111012e-01 3.518888888888889142e+02 -8.622429812948579908e-01
9.989999999999999991e-01 3.518888888888889142e+02 -7.342510539976874195e-01
9.999999999871223011e-07 3.537777777777777715e+02 -7.694806905464790514e-01
1.110008888888888989e-01 3.537777777777777715e+02 -7.542687174167993502e-01
2.220007777777777969e-01 3.537777777777777715e+02 -7.790102678918866541e-01
3.330006666666666115e-01 3.537777777777777715e+02 -7.806525674923210367e-01
4.440005555555555095e-01 3.537777777777777715e+02 -7.925243420924527049e-01
5.550004444444444074e-01 3.537777777777777715e+02 -7.880001692928415569e-01
6.660003333333333053e-01 3.537777777777777715e+02 -7.968914004603199208e-01
7.770002222222222032e-01 3.537777777777777715e+02 -8.647726884716385731e-01
8.880001111111111012e-01 3.537777777777777715e+02 -9.331371229087717101e-01
9.989999999999999991e-01 3.537777777777777715e+02 -8.009031018368224508e-01
9.999999999871223011e-07 3.556666666666666856e+02 -7.990394292207438909e-01
1.110008888888888989e-01 3.556666666666666856e+02 -8.028795087804105890e-01
2.220007777777777969e-01 3.556666666666666856e+02 -8.214831426209805443e-01
3.330006666666666115e-01 3.556666666666666856e+02 -8.163003942951978509e-01
4.440005555555555095e-01 3.556666666666666856e+02 -8.297466099348954627e-01
5.550004444444444074e-01 3.556666666666666856e+02 -8.239987638055993324e-01
6.660003333333333053e-01 3.556666666666666856e+02 -8.297859195613654926e-01
7.770002222222222032e-01 3.556666666666666856e+02 -9.001840691638717251e-01
8.880001111111111012e-01 3.556666666666666856e+02 -9.796964867524542431e-01
9.989999999999999991e-01 3.556666666666666856e+02 -8.467308816248113601e-01
9.999999999871223011e-07 3.575555555555555429e+02 -8.140458589497812092e-01
1.110008888888888989e-01 3.575555555555555429e+02 -8.333188489972009894e-01
2.220007777777777969e-01 3.575555555555555429e+02 -8.455029081203777608e-01
3.330006666666666115e-01 3.575555555555555429e+02 -8.331211637244618773e-01
4.440005555555555095e-01 3.575555555555555429e+02 -8.480159575794559146e-01
5.550004444444444074e-01 3.575555555555555429e+02 -8.421017727231002725e-01
6.660003333333333053e-01 3.575555555555555429e+02 -8.452981838763935496e-01
7.770002222222222032e-01 3.575555555555555429e+02 -9.155514759257400437e-01
8.880001111111111012e-01 3.575555555555555429e+02 -1.001042303634676056e+00
9.989999999999999991e-01 3.575555555555555429e+02 -8.702469683141195178e-01
9.999999999871223011e-07 3.594444444444444571e+02 -8.159095457125578044e-01
1.110008888888888989e-01 3.594444444444444571e+02 -8.446722565673845384e-01
2.220007777777777969e-01 3.594444444444444571e+02 -8.508047380732017828e-01
3.330006666666666115e-01 3.594444444444444571e+02 -8.316737850598248105e-01
4.440005555555555095e-01 3.594444444444444571e+02 -8.478606396028984804e-01
5.550004444444444074e-01 3.594444444444444571e+02 -8.430264844467992846e-01
6.660003333333333053e-01 3.594444444444444571e+02 -8.447183974449793409e-01
7.770002222222222032e-01 3.594444444444444571e+02 -9.126376208542142932e-01
8.880001111111111012e-01 3.594444444444444571e+02 -9.979705590331714449e-01
9.989999999999999991e-01 3.594444444444444571e+02 -8.710643959102857270e-01
9.999999999871223011e-07 3.613333333333333144e+02 -8.038838265676850892e-01
1.110008888888888989e-01 3.613333333333333144e+02 -8.356806846958934054e-01
2.220007777777777969e-01 3.613333333333333144e+02 -8.367285474468781903e-01
3.330006666666666115e-01 3.613333333333333144e+02 -8.121565919649531562e-01
4.440005555555555095e-01 3.613333333333333144e+02 -8.294497054841510897e-01
5.550004444444444074e-01 3.613333333333333144e+02 -8.269150083298680842e-01
6.660003333333333053e-01 3.613333333333333144e+02 -8.284207390785132130e-01
7.770002222222222032e-01 3.613333333333333144e+02 -8.922072756955716777e-01
8.880001111111111012e-01 3.613333333333333144e+02 -9.714050086960965835e-01
9.989999999999999991e-01 3.613333333333333144e+02 -8.493207456736271421e-01
9.999999999871223011e-07 3.632222222222222285e+02 -7.751486038755135421e-01
1.110008888888888989e-01 3.632222222222222285e+02 -8.049787847909327665e-01
2.220007777777777969e-01 3.632222222222222285e+02 -8.023681366759553013e-01
3.330006666666666115e-01 3.632222222222222285e+02 -7.743601525988506040e-01
4.440005555555555095e-01 3.632222222222222285e+02 -7.925246260102727369e-01
5.550004444444444074e-01 3.632222222222222285e+02 -7.932555734284967297e-01
6.660003333333333053e-01 3.632222222222222285e+02 -7.957232991081930606e-01
7.770002222222222032e-01 3.632222222222222285e+02 -8.537467838820121946e-01
8.880001111111111012e-01 3.632222222222222285e+02 -9.219670366206942358e-01
9.989999999999999991e-01 3.632222222222222285e+02 -8.055800077449293273e-01
9.999999999871223011e-07 3.651111111111110858e+02 -7.262081730541316560e-01
1.110008888888888989e-01 3.651111111111110858e+02 -7.520036237456093620e-01
2.220007777777777969e-01 3.651111111111110858e+02 -7.474211856484311856e-01
3.330006666666666115e-01 3.651111111111110858e+02 -7.182963654467261483e-01
4.440005555555555095e-01 3.651111111111110858e+02 -7.370536040965715019e-01
5.550004444444444074e-01 3.651111111111110858e+02 -7.415897691024417870e-01
6.660003333333333053e-01 3.651111111111110858e+02 -7.457303189645280161e-01
7.770002222222222032e-01 3.651111111111110858e+02 -7.966052021296169405e-01
8.880001111111111012e-01 3.651111111111110858e+02 -8.509371613305767301e-01
9.989999999999999991e-01 3.651111111111110858e+02 -7.413178733427416844e-01
9.999999999871223011e-07 3.670000000000000000e+02 -6.553961503395714372e-01
1.110008888888888989e-01 3.670000000000000000e+02 -6.777227852690308474e-01
2.220007777777777969e-01 3.670000000000000000e+02 -6.729323283378949583e-01
3.330006666666666115e-01 3.670000000000000000e+02 -6.448326267031727621e-01
4.440005555555555095e-01 3.670000000000000000e+02 -6.638686452635427226e-01
5.550004444444444074e-01 3.670000000000000000e+02 -6.722560169957534359e-01
6.660003333333333053e-01 3.670000000000000000e+02 -6.783187904797818302e-01
7.770002222222222032e-01 3.670000000000000000e+02 -7.212228953745427606e-01
8.880001111111111012e-01 3.670000000000000000e+02 -7.609786598972484439e-01
9.989999999999999991e-01 3.670000000000000000e+02 -6.591253683443369926e-01
