9.999999999871223011e-07 3.500000000000000000e+02 -7.435510807765388641e-01
1.110008888888888989e-01 3.500000000000000000e+02 -7.922714171641991321e-01
2.220007777777777969e-01 3.500000000000000000e+02 -7.898277669359246023e-01
3.330006666666666115e-01 3.500000000000000000e+02 -7.805903772985260947e-01
4.440005555555555095e-01 3.500000000000000000e+02 -7.830970430185412168e-01
5.550004444444444074e-01 3.500000000000000000e+02 -7.719704804105756990e-01
6.660003333333333053e-01 3.500000000000000000e+02 -7.779769226941029014e-01
7.770002222222222032e-01 3.500000000000000000e+02 -8.276422018337220576e-01
8.880001111111111012e-01 3.500000000000000000e+02 -8.608432615068020155e-01
9.989999999999999991e-01 3.500000000000000000e+02 -7.351988157383819722e-01
9.999999999871223011e-07 3.518888888888889142e+02 -8.090783484697976480e-01
1.110008888888888989e-01 3.518888888888889142e+02 -8.697345683358714830e-01
2.220007777777777969e-01 3.518888888888889142e+02 -8.631504241541114730e-01
3.330006666666666115e-01 3.518888888888889142e+02 -8.520446336740705728e-01
4.440005555555555095e-01 3.518888888888889142e+02 -8.544650172419951950e-01
5.550004444444444074e-01 3.518888888888889142e+02 -8.383983669154102536e-01
6.660003333333333053e-01 3.518888888888889142e+02 -8.419728723286514782e-01
7.770002222222222032e-01 3.518888888888889142e+02 -9.004172589845513830e-01
8.880001111111111012e-01 3.518888888888889142e+02 -9.507650427756113576e-01
9.989999999999999991e-01 3.518888888888889142e+02 -8.198789263885317702e-01
9.999999999871223011e-07 3.537777777777777715e+02 -8.538755584320516512e-01
1.110008888888888989e-01 3.537777777777777715e+02 -9.262424771549963021e-01
2.220007777777777969e-01 3.537777777777777715e+02 -9.162279286505521370e-01
3.330006666666666115e-01 3.537777777777777715e+02 -9.028171166377887413e-01
4.440005555555555095e-01 3.537777777777777715e+02 -9.043373759647298504e-01
5.550004444444444074e-01 3.537777777777777715e+02 -8.833615933938776532e-01
6.660003333333333053e-01 3.537777777777777715e+02 -8.841449282829761946e-01
7.770002222222222032e-01 3.537777777777777715e+02 -9.495096405199943135e-01
8.880001111111111012e-01 3.537777777777777715e+02 -1.016858594000500826e+00
9.989999999999999991e-01 3.537777777777777715e+02 -8.851165954467629104e-01
9.999999999871223011e-07 3.556666666666666856e+02 -8.812613334126000453e-01
1.110008888888888989e-01 3.556666666666666856e+02 -9.622839140114487488e-01
2.220007777777777969e-01 3.556666666666666856e+02 -9.497074361343672555e-01
3.330006666666666115e-01 3.556666666666666856e+02 -9.334709774752776301e-01
4.440005555555555095e-01 3.556666666666666856e+02 -9.332280398050096792e-01
5.550004444444444074e-01 3.556666666666666856e+02 -9.079577526130089282e-01
6.660003333333333053e-01 3.556666666666666856e+02 -9.060743673647836394e-01
7.770002222222222032e-01 3.556666666666666856e+02 -9.757897545192950606e-01
8.880001111111111012e-01 3.556666666666666856e+02 -1.057175137522819774e+00
9.989999999999999991e-01 3.556666666666666856e+02 -9.289030944677877377e-01
9.999999999871223011e-07 3.575555555555555429e+02 -8.951250472336633734e-01
1.110008888888888989e-01 3.575555555555555429e+02 -9.796742551118146070e-01
2.220007777777777969e-01 3.575555555555555429e+02 -9.654800700846346562e-01
3.330006666666666115e-01 3.575555555555555429e+02 -9.458985831938276911e-01
4.440005555555555095e-01 3.575555555555555429e+02 -9.431226728329482611e-01
5.550004444444444074e-01 3.575555555555555429e+02 -9.146380503896283098e-01
6.660003333333333053e-01 3.575555555555555429e+02 -9.107952400210850286e-01
7.770002222222222032e-01 3.575555555555555429e+02 -9.824040979419625952e-01
8.880001111111111012e-01 3.575555555555555429e+02 -1.072769773035897156e+00
9.989999999999999991e-01 3.575555555555555429e+02 -9.507765257255476055e-01
9.999999999871223011e-07 3.594444444444444571e+02 -8.975134890514397945e-01
1.110008888888888989e-01 3.594444444444444571e+02 -9.800598978294708941e-01
2.220007777777777969e-01 3.594444444444444571e+02 -9.650959415139177544e-01
3.330006666666666115e-01 3.594444444444444571e+02 -9.418721722908383054e-01
4.440005555555555095e-01 3.594444444444444571e+02 -9.360971564874620565e-01
5.550004444444444074e-01 3.594444444444444571e+02 -9.058033087117534077e-01
6.660003333333333053e-01 3.594444444444444571e+02 -9.011181601762821014e-01
7.770002222222222032e-01 3.594444444444444571e+02 -9.726331357354709439e-01
8.880001111111111012e-01 3.594444444444444571e+02 -1.066027164020387330e+00
9.989999999999999991e-01 3.594444444444444571e+02 -9.511477676085224875e-01
9.999999999871223011e-07 3.613333333333333144e+02 -8.876715293336745471e-01
1.110008888888888989e-01 3.613333333333333144e+02 -9.634244378732434999e-01
2.220007777777777969e-01 3.613333333333333144e+02 -9.484808510105426915e-01
3.330006666666666115e-01 3.613333333333333144e+02 -9.217745636929287611e-01
4.440005555555555095e-01 3.613333333333333144e+02 -9.129820505677946896e-01
5.550004444444444074e-01 3.613333333333333144e+02 -8.824998762116011974e-01
6.660003333333333053e-01 3.613333333333333144e+02 -8.781785453128473362e-01
7.770002222222222032e-01 3.613333333333333144e+02 -9.478147121646616213e-01
8.880001111111111012e-01 3.613333333333333144e+02 -1.038243092160195058e+00
9.989999999999999991e-01 3.613333333333333144e+02 -9.301863476061222880e-01
9.999999999871223011e-07 3.632222222222222285e+02 -8.620105560169557535e-01
1.110008888888888989e-01 3.632222222222222285e+02 -9.280774656290432523e-01
2.220007777777777969e-01 3.632222222222222285e+02 -9.139986583348693738e-01
3.330006666666666115e-01 3.632222222222222285e+02 -8.845871840236051442e-01
4.440005555555555095e-01 3.632222222222222285e+02 -8.732615286315648095e-01
5.550004444444444074e-01 3.632222222222222285e+02 -8.442917459396346302e-01
6.660003333333333053e-01 3.632222222222222285e+02 -8.413241575570987729e-01
7.770002222222222032e-01 3.632222222222222285e+02 -9.071623138421469612e-01
8.880001111111111012e-01 3.632222222222222285e+02 -9.892479610430906511e-01
9.989999999999999991e-01 3.632222222222222285e+02 -8.877171892004633857e-01
9.999999999871223011e-07 3.651111111111110858e+02 -8.155905156542455625e-01
1.110008888888888989e-01 3.651111111111110858e+02 -8.721467421245215901e-01
2.220007777777777969e-01 3.651111111111110858e+02 -8.598196173748361426e-01
3.330006666666666115e-01 3.651111111111110858e+02 -8.290586468534888454e-01
4.440005555555555095e-01 3.651111111111110858e+02 -8.161106464446045150e-01
5.550004444444444074e-01 3.651111111111110858e+02 -7.902018986457957084e-01
6.660003333333333053e-01 3.651111111111110858e+02 -7.891850574816647867e-01
7.770002222222222032e-01 3.651111111111110858e+02 -8.492793383745720348e-01
8.880001111111111012e-01 3.651111111111110858e+02 -9.190820773305773406e-01
9.989999999999999991e-01 3.651111111111110858e+02 -8.242273061172037396e-01
9.999999999871223011e-07 3.670000000000000000e+02 -7.453876179496318199e-01
1.110008888888888989e-01 3.670000000000000000e+02 -7.951377427988229885e-01
2.220007777777777969e-01 3.670000000000000000e+02 -7.854736818875053261e-01
3.330006666666666115e-01 3.670000000000000000e+02 -7.549644528177563707e-01
4.440005555555555095e-01 3.670000000000000000e+02 -7.414792597848425260e-01
5.550004444444444074e-01 3.670000000000000000e+02 -7.197702621892076991e-01
6.660003333333333053e-01 3.670000000000000000e+02 -7.209119166436097625e-01
7.770002222222222032e-01 3.670000000000000000e+02 -7.737508533719740234e-01
8.880001111111111012e-01 3.670000000000000000e+02 -8.294285439434256890e-01
9.989999999999999991e-01 3.670000000000000000e+02 -7.416290293359605323e-01
