9.999999999871223011e-07 3.500000000000000000e+02 -4.360349613245430578e-01
1.110008888888888989e-01 3.500000000000000000e+02 -5.292656690865120694e-01
2.220007777777777969e-01 3.500000000000000000e+02 -5.264188324630487692e-01
3.330006666666666115e-01 3.500000000000000000e+02 -5.222360278904625286e-01
4.440005555555555095e-01 3.500000000000000000e+02 -5.292046617184955615e-01
5.550004444444444074e-01 3.500000000000000000e+02 -5.256710429541839869e-01
6.660003333333333053e-01 3.500000000000000000e+02 -5.463113961214951519e-01
7.770002222222222032e-01 3.500000000000000000e+02 -6.157704824774751229e-01
8.880001111111111012e-01 3.500000000000000000e+02 -6.645966523197677223e-01
9.989999999999999991e-01 3.500000000000000000e+02 -5.381820217182058386e-01
9.999999999871223011e-07 3.518888888888889142e+02 -5.067227197132397887e-01
1.110008888888888989e-01 3.518888888888889142e+02 -6.120891262759894369e-01
2.220007777777777969e-01 3.518888888888889142e+02 -6.016905898468304370e-01
3.330006666666666115e-01 3.518888888888889142e+02 -5.941637360837848103e-01
4.440005555555555095e-01 3.518888888888889142e+02 -6.043361990187450239e-01
5.550004444444444074e-01 3.518888888888889142e+02 -5.996208918143768329e-01
6.660003333333333053e-01 3.518888888888889142e+02 -6.186974706522455625e-01
7.770002222222222032e-01 3.518888888888889142e+02 -6.954693158503274519e-01
8.880001111111111012e-01 3.518888888888889142e+02 -7.565994008149808936e-01
9.989999999999999991e-01 3.518888888888889142e+02 -6.178068377326785265e-01
9.999999999871223011e-07 3.537777777777777715e+02 -5.643909292573989767e-01
1.110008888888888989e-01 3.537777777777777715e+02 -6.781588416079844528e-01
2.220007777777777969e-01 3.537777777777777715e+02 -6.601411086429750386e-01
3.330006666666666115e-01 3.537777777777777715e+02 -6.483267486335115848e-01
4.440005555555555095e-01 3.537777777777777715e+02 -6.619861731679779204e-01
5.550004444444444074e-01 3.537777777777777715e+02 -6.566868887788569475e-01
6.660003333333333053e-01 3.537777777777777715e+02 -6.731847549043948886e-01
7.770002222222222032e-01 3.537777777777777715e+02 -7.540922477263245494e-01
8.880001111111111012e-01 3.537777777777777715e+02 -8.250668730809006535e-01
9.989999999999999991e-01 3.537777777777777715e+02 -6.764391568996634962e-01
9.999999999871223011e-07 3.556666666666666856e+02 -6.090353598498891019e-01
1.110008888888888989e-01 3.556666666666666856e+02 -7.247212213401206249e-01
2.220007777777777969e-01 3.556666666666666856e+02 -6.997118127308099567e-01
3.330006666666666115e-01 3.556666666666666856e+02 -6.828195926418502149e-01
4.440005555555555095e-01 3.556666666666666856e+02 -7.000132509761582966e-01
5.550004444444444074e-01 3.556666666666666856e+02 -6.951081314820067858e-01
6.660003333333333053e-01 3.556666666666666856e+02 -7.083590596718123411e-01
7.770002222222222032e-01 3.556666666666666856e+02 -7.892473861110713695e-01
8.880001111111111012e-01 3.556666666666666856e+02 -8.649875110171918458e-01
9.989999999999999991e-01 3.556666666666666856e+02 -7.105487488097772530e-01
9.999999999871223011e-07 3.575555555555555429e+02 -6.406978774664791043e-01
1.110008888888888989e-01 3.575555555555555429e+02 -7.497278045633049004e-01
2.220007777777777969e-01 3.575555555555555429e+02 -7.191717778883204293e-01
3.330006666666666115e-01 3.575555555555555429e+02 -6.968183590421835882e-01
4.440005555555555095e-01 3.575555555555555429e+02 -7.172847630627259274e-01
5.550004444444444074e-01 3.575555555555555429e+02 -7.139996831352739548e-01
6.660003333333333053e-01 3.575555555555555429e+02 -7.239499565437002015e-01
7.770002222222222032e-01 3.575555555555555429e+02 -8.006040700851189129e-01
8.880001111111111012e-01 3.575555555555555429e+02 -8.742941375898938272e-01
9.989999999999999991e-01 3.575555555555555429e+02 -7.186206538408691502e-01
9.999999999871223011e-07 3.594444444444444571e+02 -6.585971839816142648e-01
1.110008888888888989e-01 3.594444444444444571e+02 -7.520001305909441713e-01
2.220007777777777969e-01 3.594444444444444571e+02 -7.180074653312192856e-01
3.330006666666666115e-01 3.594444444444444571e+02 -6.904666598548832024e-01
4.440005555555555095e-01 3.594444444444444571e+02 -7.136724610685740711e-01
5.550004444444444074e-01 3.594444444444444571e+02 -7.132263645165114463e-01
6.660003333333333053e-01 3.594444444444444571e+02 -7.204386958657718054e-01
7.770002222222222032e-01 3.594444444444444571e+02 -7.894190131050567993e-01
8.880001111111111012e-01 3.594444444444444571e+02 -8.543732409743062250e-01
9.989999999999999991e-01 3.594444444444444571e+02 -7.014959302578773759e-01
9.999999999871223011e-07 3.613333333333333144e+02 -6.605785761289491020e-01
1.110008888888888989e-01 3.613333333333333144e+02 -7.312346327383869582e-01
2.220007777777777969e-01 3.613333333333333144e+02 -6.962222778450102290e-01
3.330006666666666115e-01 3.613333333333333144e+02 -6.645278762819489815e-01
4.440005555555555095e-01 3.613333333333333144e+02 -6.897682256411410417e-01
5.550004444444444074e-01 3.613333333333333144e+02 -6.930970453062714753e-01
6.660003333333333053e-01 3.613333333333333144e+02 -6.984739517208281567e-01
7.770002222222222032e-01 3.613333333333333144e+02 -7.574658046773334874e-01
8.880001111111111012e-01 3.613333333333333144e+02 -8.088285342875667361e-01
9.989999999999999991e-01 3.613333333333333144e+02 -6.617746607150027938e-01
9.999999999871223011e-07 3.632222222222222285e+02 -6.432976537610212153e-01
1.110008888888888989e-01 3.632222222222222285e+02 -6.880975965187263732e-01
2.220007777777777969e-01 3.632222222222222285e+02 -6.543860163604205971e-01
3.330006666666666115e-01 3.632222222222222285e+02 -6.201870642878473117e-01
4.440005555555555095e-01 3.632222222222222285e+02 -6.466971801673059295e-01
5.550004444444444074e-01 3.632222222222222285e+02 -6.542692303276133048e-01
6.660003333333333053e-01 3.632222222222222285e+02 -6.587102355116207786e-01
7.770002222222222032e-01 3.632222222222222285e+02 -7.065464986460519015e-01
8.880001111111111012e-01 3.632222222222222285e+02 -7.420894712170726937e-01
9.989999999999999991e-01 3.632222222222222285e+02 -6.029497779477188679e-01
9.999999999871223011e-07 3.651111111111110858e+02 -6.035379395634543620e-01
1.110008888888888989e-01 3.651111111111110858e+02 -6.243806694700683169e-01
2.220007777777777969e-01 3.651111111111110858e+02 -5.938796583779437643e-01
3.330006666666666115e-01 3.651111111111110858e+02 -5.590726752068019278e-01
4.440005555555555095e-01 3.651111111111110858e+02 -5.861285134842343369e-01
5.550004444444444074e-01 3.651111111111110858e+02 -5.979165525539016368e-01
6.660003333333333053e-01 3.651111111111110858e+02 -6.021148887131388960e-01
7.770002222222222032e-01 3.651111111111110858e+02 -6.387050312671924690e-01
8.880001111111111012e-01 3.651111111111110858e+02 -6.586545106844505781e-01
9.989999999999999991e-01 3.651111111111110858e+02 -5.287388146067051320e-01
9.999999999871223011e-07 3.670000000000000000e+02 -5.402265989361163534e-01
1.110008888888888989e-01 3.670000000000000000e+02 -5.428994513216700568e-01
2.220007777777777969e-01 3.670000000000000000e+02 -5.169438464689821711e-01
3.330006666666666115e-01 3.670000000000000000e+02 -4.832692901081402370e-01
4.440005555555555095e-01 3.670000000000000000e+02 -5.102473074003179843e-01
5.550004444444444074e-01 3.670000000000000000e+02 -5.258184985619461793e-01
6.660003333333333053e-01 3.670000000000000000e+02 -5.302419954361662358e-01
7.770002222222222032e-01 3.670000000000000000e+02 -5.564086458670918223e-01
8.880001111111111012e-01 3.670000000000000000e+02 -5.626594877798295480e-01
9.989999999999999991e-01 3.670000000000000000e+02 -4.426227106538601630e-01
