9.999999999871223011e-07 3.500000000000000000e+02 -4.523530195711426005e-01
1.110008888888888989e-01 3.500000000000000000e+02 -5.750941787950107909e-01
2.220007777777777969e-01 3.500000000000000000e+02 -5.350805225264938514e-01
3.330006666666666115e-01 3.500000000000000000e+02 -5.365339029230160595e-01
4.440005555555555095e-01 3.500000000000000000e+02 -5.411213963113872261e-01
5.550004444444444074e-01 3.500000000000000000e+02 -5.366719117422602547e-01
6.660003333333333053e-01 3.500000000000000000e+02 -5.587635705755927829e-01
7.770002222222222032e-01 3.500000000000000000e+02 -6.266835202455881548e-01
8.880001111111111012e-01 3.500000000000000000e+02 -6.706478760220686564e-01
9.989999999999999991e-01 3.500000000000000000e+02 -5.454718300439964640e-01
9.999999999871223011e-07 3.518888888888889142e+02 -5.204860801802466685e-01
1.110008888888888989e-01 3.518888888888889142e+02 -6.548155175146004314e-01
2.220007777777777969e-01 3.518888888888889142e+02 -6.130389030702018127e-01
3.330006666666666115e-01 3.518888888888889142e+02 -6.150077952223363953e-01
4.440005555555555095e-01 3.518888888888889142e+02 -6.190719582812111987e-01
5.550004444444444074e-01 3.518888888888889142e+02 -6.094054166351868806e-01
6.660003333333333053e-01 3.518888888888889142e+02 -6.290622825431780862e-01
7.770002222222222032e-01 3.518888888888889142e+02 -7.056867129230599556e-01
8.880001111111111012e-01 3.518888888888889142e+02 -7.651295232971072613e-01
9.989999999999999991e-01 3.518888888888889142e+02 -6.308978379846713613e-01
9.999999999871223011e-07 3.537777777777777715e+02 -5.752406535564125178e-01
1.110008888888888989e-01 3.537777777777777715e+02 -7.159772252593697983e-01
2.220007777777777969e-01 3.537777777777777715e+02 -6.762990671252659958e-01
3.330006666666666115e-01 3.537777777777777715e+02 -6.788164074777315316e-01
4.440005555555555095e-01 3.537777777777777715e+02 -6.815887429906182238e-01
5.550004444444444074e-01 3.537777777777777715e+02 -6.660058027494057953e-01
6.660003333333333053e-01 3.537777777777777715e+02 -6.819584151433475405e-01
7.770002222222222032e-01 3.537777777777777715e+02 -7.650324905039825873e-01
8.880001111111111012e-01 3.537777777777777715e+02 -8.396442214831100204e-01
9.989999999999999991e-01 3.537777777777777715e+02 -6.993790858681163680e-01
9.999999999871223011e-07 3.556666666666666856e+02 -6.169300153383341367e-01
1.110008888888888989e-01 3.556666666666666856e+02 -7.563609922126524054e-01
2.220007777777777969e-01 3.556666666666666856e+02 -7.230049037881093321e-01
3.330006666666666115e-01 3.556666666666666856e+02 -7.260093187598463116e-01
4.440005555555555095e-01 3.556666666666666856e+02 -7.267560442026507195e-01
5.550004444444444074e-01 3.556666666666666856e+02 -7.051683345068291420e-01
6.660003333333333053e-01 3.556666666666666856e+02 -7.165328388608499521e-01
7.770002222222222032e-01 3.556666666666666856e+02 -8.028173285006435789e-01
8.880001111111111012e-01 3.556666666666666856e+02 -8.896757030591416759e-01
9.989999999999999991e-01 3.556666666666666856e+02 -7.474184537392538630e-01
9.999999999871223011e-07 3.575555555555555429e+02 -6.458923095572701722e-01
1.110008888888888989e-01 3.575555555555555429e+02 -7.748008977357554450e-01
2.220007777777777969e-01 3.575555555555555429e+02 -7.516851526143877305e-01
3.330006666666666115e-01 3.575555555555555429e+02 -7.550494722421271510e-01
4.440005555555555095e-01 3.575555555555555429e+02 -7.532162380936915369e-01
5.550004444444444074e-01 3.575555555555555429e+02 -7.263018695686097592e-01
6.660003333333333053e-01 3.575555555555555429e+02 -7.328918555691608105e-01
7.770002222222222032e-01 3.575555555555555429e+02 -8.188424819554271927e-01
8.880001111111111012e-01 3.575555555555555429e+02 -9.125385704006785392e-01
9.989999999999999991e-01 3.575555555555555429e+02 -7.724663712728884191e-01
9.999999999871223011e-07 3.594444444444444571e+02 -6.615992984539638133e-01
1.110008888888888989e-01 3.594444444444444571e+02 -7.710890429619655650e-01
2.220007777777777969e-01 3.594444444444444571e+02 -7.610549735210274669e-01
3.330006666666666115e-01 3.594444444444444571e+02 -7.646765589301580679e-01
4.440005555555555095e-01 3.594444444444444571e+02 -7.600719002558736781e-01
5.550004444444444074e-01 3.594444444444444571e+02 -7.292741303943431896e-01
6.660003333333333053e-01 3.594444444444444571e+02 -7.316697379514326416e-01
7.770002222222222032e-01 3.594444444444444571e+02 -8.140784689692369680e-01
8.880001111111111012e-01 3.594444444444444571e+02 -9.078572682424262963e-01
9.989999999999999991e-01 3.594444444444444571e+02 -7.733309846652794972e-01
9.999999999871223011e-07 3.613333333333333144e+02 -6.621067047013005080e-01
1.110008888888888989e-01 3.613333333333333144e+02 -7.456615756282701790e-01
2.220007777777777969e-01 3.613333333333333144e+02 -7.498736609960001687e-01
3.330006666666666115e-01 3.613333333333333144e+02 -7.537623959839667709e-01
4.440005555555555095e-01 3.613333333333333144e+02 -7.466923737995302401e-01
5.550004444444444074e-01 3.613333333333333144e+02 -7.140411846891885350e-01
6.660003333333333053e-01 3.613333333333333144e+02 -7.133610309316006370e-01
7.770002222222222032e-01 3.613333333333333144e+02 -7.896005942275230449e-01
8.880001111111111012e-01 3.613333333333333144e+02 -8.768770797802110106e-01
9.989999999999999991e-01 3.613333333333333144e+02 -7.501404144520286144e-01
9.999999999871223011e-07 3.632222222222222285e+02 -6.442036569053116724e-01
1.110008888888888989e-01 3.632222222222222285e+02 -6.995091410536955490e-01
2.220007777777777969e-01 3.632222222222222285e+02 -7.172569042290570795e-01
3.330006666666666115e-01 3.632222222222222285e+02 -7.215577682920883973e-01
4.440005555555555095e-01 3.632222222222222285e+02 -7.128244127956371301e-01
5.550004444444444074e-01 3.632222222222222285e+02 -6.806023618817574894e-01
6.660003333333333053e-01 3.632222222222222285e+02 -6.781366337601365535e-01
7.770002222222222032e-01 3.632222222222222285e+02 -7.461849312123794986e-01
8.880001111111111012e-01 3.632222222222222285e+02 -8.218704015268837315e-01
9.989999999999999991e-01 3.632222222222222285e+02 -7.042646502027702926e-01
9.999999999871223011e-07 3.651111111111110858e+02 -6.046722686751191400e-01
1.110008888888888989e-01 3.651111111111110858e+02 -6.343336407658780596e-01
2.220007777777777969e-01 3.651111111111110858e+02 -6.633715157077196833e-01
3.330006666666666115e-01 3.651111111111110858e+02 -6.683013921420637438e-01
4.440005555555555095e-01 3.651111111111110858e+02 -6.590201074285548799e-01
5.550004444444444074e-01 3.651111111111110858e+02 -6.293491159883337627e-01
6.660003333333333053e-01 3.651111111111110858e+02 -6.262576382305826694e-01
7.770002222222222032e-01 3.651111111111110858e+02 -6.847998784630103808e-01
8.880001111111111012e-01 3.651111111111110858e+02 -7.460810604313898864e-01
9.989999999999999991e-01 3.651111111111110858e+02 -6.382801012589870426e-01
9.999999999871223011e-07 3.670000000000000000e+02 -5.422593677066295248e-01
1.110008888888888989e-01 3.670000000000000000e+02 -5.525763242610544079e-01
2.220007777777777969e-01 3.670000000000000000e+02 -5.898624170709267922e-01
3.330006666666666115e-01 3.670000000000000000e+02 -5.956053980989923780e-01
4.440005555555555095e-01 3.670000000000000000e+02 -5.868964016964806074e-01
5.550004444444444074e-01 3.670000000000000000e+02 -5.613891833832681533e-01
6.660003333333333053e-01 3.670000000000000000e+02 -5.585700585438865273e-01
7.770002222222222032e-01 3.670000000000000000e+02 -6.071414288082866983e-01
8.880001111111111012e-01 3.670000000000000000e+02 -6.534878991853292352e-01
9.989999999999999991e-01 3.670000000000000000e+02 -5.556098226048218347e-01
