9.999999999871223011e-07 3.500000000000000000e+02 -6.642570905826838956e-01
1.110008888888888989e-01 3.500000000000000000e+02 -7.044342793030050620e-01
2.220007777777777969e-01 3.500000000000000000e+02 -7.263544880447752039e-01
3.330006666666666115e-01 3.500000000000000000e+02 -7.451155822540752593e-01
4.440005555555555095e-01 3.500000000000000000e+02 -7.273108436970986412e-01
5.550004444444444074e-01 3.500000000000000000e+02 -6.964667460773013019e-01
6.660003333333333053e-01 3.500000000000000000e+02 -7.029601969203097545e-01
7.770002222222222032e-01 3.500000000000000000e+02 -7.695803719233663687e-01
8.880001111111111012e-01 3.500000000000000000e+02 -8.332697946589124882e-01
9.989999999999999991e-01 3.500000000000000000e+02 -7.301888672606503539e-01
9.999999999871223011e-07 3.518888888888889142e+02 -7.337484243598203504e-01
1.110008888888888989e-01 3.518888888888889142e+02 -7.831706248559364703e-01
2.220007777777777969e-01 3.518888888888889142e+02 -8.003142139163706981e-01
3.330006666666666115e-01 3.518888888888889142e+02 -8.199580679625892987e-01
4.440005555555555095e-01 3.518888888888889142e+02 -8.015472087007182722e-01
5.550004444444444074e-01 3.518888888888889142e+02 -7.652054518495118307e-01
6.660003333333333053e-01 3.518888888888889142e+02 -7.688048766272931323e-01
7.770002222222222032e-01 3.518888888888889142e+02 -8.431954087524130559e-01
8.880001111111111012e-01 3.518888888888889142e+02 -9.240673654715351182e-01
9.989999999999999991e-01 3.518888888888889142e+02 -8.158460104821805281e-01
9.999999999871223011e-07 3.537777777777777715e+02 -7.862066933389471046e-01
1.110008888888888989e-01 3.537777777777777715e+02 -8.433930770738005123e-01
2.220007777777777969e-01 3.537777777777777715e+02 -8.553749163285686574e-01
3.330006666666666115e-01 3.537777777777777715e+02 -8.751992050266664824e-01
4.440005555555555095e-01 3.537777777777777715e+02 -8.566731586374647378e-01
5.550004444444444074e-01 3.537777777777777715e+02 -8.157023600333577207e-01
6.660003333333333053e-01 3.537777777777777715e+02 -8.160518298195702513e-01
7.770002222222222032e-01 3.537777777777777715e+02 -8.959090330211602060e-01
8.880001111111111012e-01 3.537777777777777715e+02 -9.924967244884194129e-01
9.989999999999999991e-01 3.537777777777777715e+02 -8.821460242677983121e-01
9.999999999871223011e-07 3.556666666666666856e+02 -8.237027563245635786e-01
1.110008888888888989e-01 3.556666666666666856e+02 -8.845234661823874189e-01
2.220007777777777969e-01 3.556666666666666856e+02 -8.914144484490673648e-01
3.330006666666666115e-01 3.556666666666666856e+02 -9.105742469864042121e-01
4.440005555555555095e-01 3.556666666666666856e+02 -8.924601708791880528e-01
5.550004444444444074e-01 3.556666666666666856e+02 -8.483342159339826161e-01
6.660003333333333053e-01 3.556666666666666856e+02 -8.455704848759564296e-01
7.770002222222222032e-01 3.556666666666666856e+02 -9.280898376406234718e-01
8.880001111111111012e-01 3.556666666666666856e+02 -1.036334018013056912e+00
9.989999999999999991e-01 3.556666666666666856e+02 -9.268632422581285502e-01
9.999999999871223011e-07 3.575555555555555429e+02 -8.486817724462081269e-01
1.110008888888888989e-01 3.575555555555555429e+02 -9.068857174674257449e-01
2.220007777777777969e-01 3.575555555555555429e+02 -9.093646764828039464e-01
3.330006666666666115e-01 3.575555555555555429e+02 -9.270890068234258763e-01
4.440005555555555095e-01 3.575555555555555429e+02 -9.097981341732683802e-01
5.550004444444444074e-01 3.575555555555555429e+02 -8.643507869363634688e-01
6.660003333333333053e-01 3.575555555555555429e+02 -8.592002767298476673e-01
7.770002222222222032e-01 3.575555555555555429e+02 -9.418193427966933262e-01
8.880001111111111012e-01 3.575555555555555429e+02 -1.055969998985992975e+00
9.989999999999999991e-01 3.575555555555555429e+02 -9.493476446076364317e-01
9.999999999871223011e-07 3.594444444444444571e+02 -8.620681825965202938e-01
1.110008888888888989e-01 3.594444444444444571e+02 -9.108832592061524291e-01
2.220007777777777969e-01 3.594444444444444571e+02 -9.100890108447167171e-01
3.330006666666666115e-01 3.594444444444444571e+02 -9.258775982619603662e-01
4.440005555555555095e-01 3.594444444444444571e+02 -9.097329291752258573e-01
5.550004444444444074e-01 3.594444444444444571e+02 -8.649334939639830022e-01
6.660003333333333053e-01 3.594444444444444571e+02 -8.585854992132808672e-01
7.770002222222222032e-01 3.594444444444444571e+02 -9.393097681032916979e-01
8.880001111111111012e-01 3.594444444444444571e+02 -1.053098636628876594e+00
9.989999999999999991e-01 3.594444444444444571e+02 -9.499148869551332641e-01
9.999999999871223011e-07 3.613333333333333144e+02 -8.622765170514130606e-01
1.110008888888888989e-01 3.613333333333333144e+02 -8.960936059148182364e-01
2.220007777777777969e-01 3.613333333333333144e+02 -8.934120342192820585e-01
3.330006666666666115e-01 3.613333333333333144e+02 -9.070910535534963959e-01
4.440005555555555095e-01 3.613333333333333144e+02 -8.924325638126048288e-01
5.550004444444444074e-01 3.613333333333333144e+02 -8.502615513600946251e-01
6.660003333333333053e-01 3.613333333333333144e+02 -8.440765290622355144e-01
7.770002222222222032e-01 3.613333333333333144e+02 -9.212153549659561902e-01
8.880001111111111012e-01 3.613333333333333144e+02 -1.028577322711606845e+00
9.989999999999999991e-01 3.613333333333333144e+02 -9.287445241173789556e-01
9.999999999871223011e-07 3.632222222222222285e+02 -8.450831092269291966e-01
1.110008888888888989e-01 3.632222222222222285e+02 -8.613103092112912584e-01
2.220007777777777969e-01 3.632222222222222285e+02 -8.581901286960128550e-01
3.330006666666666115e-01 3.632222222222222285e+02 -8.698761895826324642e-01
4.440005555555555095e-01 3.632222222222222285e+02 -8.571138003322905652e-01
5.550004444444444074e-01 3.632222222222222285e+02 -8.194260722791079088e-01
6.660003333333333053e-01 3.632222222222222285e+02 -8.146084870900023311e-01
7.770002222222222032e-01 3.632222222222222285e+02 -8.864128109205823280e-01
8.880001111111111012e-01 3.632222222222222285e+02 -9.820516432964933040e-01
9.989999999999999991e-01 3.632222222222222285e+02 -8.857566091138983078e-01
9.999999999871223011e-07 3.651111111111110858e+02 -8.050595542095165813e-01
1.110008888888888989e-01 3.651111111111110858e+02 -8.056034734434101008e-01
2.220007777777777969e-01 3.651111111111110858e+02 -8.033950135596240605e-01
3.330006666666666115e-01 3.651111111111110858e+02 -8.134289586847778253e-01
4.440005555555555095e-01 3.651111111111110858e+02 -8.029786658486720574e-01
5.550004444444444074e-01 3.651111111111110858e+02 -7.712584667230280022e-01
6.660003333333333053e-01 3.651111111111110858e+02 -7.686182192783403977e-01
7.770002222222222032e-01 3.651111111111110858e+02 -8.333380681917068600e-01
8.880001111111111012e-01 3.651111111111110858e+02 -9.135438554865338290e-01
9.989999999999999991e-01 3.651111111111110858e+02 -8.215885079838203264e-01
9.999999999871223011e-07 3.670000000000000000e+02 -7.389504863088839359e-01
1.110008888888888989e-01 3.670000000000000000e+02 -7.293545422654909016e-01
2.220007777777777969e-01 3.670000000000000000e+02 -7.292512295392978849e-01
3.330006666666666115e-01 3.670000000000000000e+02 -7.380806446067846860e-01
4.440005555555555095e-01 3.670000000000000000e+02 -7.301977034667281874e-01
5.550004444444444074e-01 3.670000000000000000e+02 -7.052987941478294776e-01
6.660003333333333053e-01 3.670000000000000000e+02 -7.051950298877793788e-01
7.770002222222222032e-01 3.670000000000000000e+02 -7.615150190454987866e-01
8.880001111111111012e-01 3.670000000000000000e+02 -8.248413621924576278e-01
9.989999999999999991e-01 3.670000000000000000e+02 -7.383230755380230104e-01
