9.999999999871223011e-07 3.500000000000000000e+02 -3.785424625253758779e-01
1.110008888888888989e-01 3.500000000000000000e+02 -2.962400608594516482e-01
2.220007777777777969e-01 3.500000000000000000e+02 -2.802951402618291121e-01
3.330006666666666115e-01 3.500000000000000000e+02 -2.716251930031107209e-01
4.440005555555555095e-01 3.500000000000000000e+02 -2.775030883141658133e-01
5.550004444444444074e-01 3.500000000000000000e+02 -2.855743953423266479e-01
6.660003333333333053e-01 3.500000000000000000e+02 -3.351352210397360309e-01
7.770002222222222032e-01 3.500000000000000000e+02 -4.422205548022004606e-01
8.880001111111111012e-01 3.500000000000000000e+02 -5.204769999737460795e-01
9.989999999999999991e-01 3.500000000000000000e+02 -3.904269723548509097e-01
9.999999999871223011e-07 3.518888888888889142e+02 -4.157920465116425879e-01
1.110008888888888989e-01 3.518888888888889142e+02 -3.851930733533144302e-01
2.220007777777777969e-01 3.518888888888889142e+02 -3.582485644492837684e-01
3.330006666666666115e-01 3.518888888888889142e+02 -3.502398757040344757e-01
4.440005555555555095e-01 3.518888888888889142e+02 -3.601492038461227008e-01
5.550004444444444074e-01 3.518888888888889142e+02 -3.653060940967338688e-01
6.660003333333333053e-01 3.518888888888889142e+02 -4.123016399851865410e-01
7.770002222222222032e-01 3.518888888888889142e+02 -5.270536520388178214e-01
8.880001111111111012e-01 3.518888888888889142e+02 -6.175638294302443487e-01
9.989999999999999991e-01 3.518888888888889142e+02 -4.701942409221283592e-01
9.999999999871223011e-07 3.537777777777777715e+02 -4.238988062523026401e-01
1.110008888888888989e-01 3.537777777777777715e+02 -4.578764338397022238e-01
2.220007777777777969e-01 3.537777777777777715e+02 -4.205872992754084994e-01
3.330006666666666115e-01 3.537777777777777715e+02 -4.140799952625193736e-01
4.440005555555555095e-01 3.537777777777777715e+02 -4.292175268486100315e-01
5.550004444444444074e-01 3.537777777777777715e+02 -4.313879156954693039e-01
6.660003333333333053e-01 3.537777777777777715e+02 -4.734782721806367611e-01
7.770002222222222032e-01 3.537777777777777715e+02 -5.912081517278806597e-01
8.880001111111111012e-01 3.537777777777777715e+02 -6.900373196823694766e-01
9.989999999999999991e-01 3.537777777777777715e+02 -5.279372861595732491e-01
9.999999999871223011e-07 3.556666666666666856e+02 -4.058390229130919846e-01
1.110008888888888989e-01 3.556666666666666856e+02 -5.090372176099046131e-01
2.220007777777777969e-01 3.556666666666666856e+02 -4.635957134697974436e-01
3.330006666666666115e-01 3.556666666666666856e+02 -4.594573014002398814e-01
4.440005555555555095e-01 3.556666666666666856e+02 -4.809389105904759987e-01
5.550004444444444074e-01 3.556666666666666856e+02 -4.806537763719390677e-01
6.660003333333333053e-01 3.556666666666666856e+02 -5.158056137955747689e-01
7.770002222222222032e-01 3.556666666666666856e+02 -6.304778940725150882e-01
8.880001111111111012e-01 3.556666666666666856e+02 -7.307970887086722156e-01
9.989999999999999991e-01 3.556666666666666856e+02 -5.593354438148904206e-01
9.999999999871223011e-07 3.575555555555555429e+02 -3.669343614224230832e-01
1.110008888888888989e-01 3.575555555555555429e+02 -5.342503264975460020e-01
2.220007777777777969e-01 3.575555555555555429e+02 -4.843548233480975407e-01
3.330006666666666115e-01 3.575555555555555429e+02 -4.833097531681492809e-01
4.440005555555555095e-01 3.575555555555555429e+02 -5.118596308354106394e-01
5.550004444444444074e-01 3.575555555555555429e+02 -5.103242235866150001e-01
6.660003333333333053e-01 3.575555555555555429e+02 -5.373635312941730247e-01
7.770002222222222032e-01 3.575555555555555429e+02 -6.428524545549473279e-01
8.880001111111111012e-01 3.575555555555555429e+02 -7.362171622408852922e-01
9.989999999999999991e-01 3.575555555555555429e+02 -5.625235212084295222e-01
9.999999999871223011e-07 3.594444444444444571e+02 -3.125816459184809770e-01
1.110008888888888989e-01 3.594444444444444571e+02 -5.311568243735499406e-01
2.220007777777777969e-01 3.594444444444444571e+02 -4.813602197148477702e-01
3.330006666666666115e-01 3.594444444444444571e+02 -4.838668800073114840e-01
4.440005555555555095e-01 3.594444444444444571e+02 -5.195338228490538057e-01
5.550004444444444074e-01 3.594444444444444571e+02 -5.184535004432279104e-01
6.660003333333333053e-01 3.594444444444444571e+02 -5.373905022874611026e-01
7.770002222222222032e-01 3.594444444444444571e+02 -6.288940164840524094e-01
8.880001111111111012e-01 3.594444444444444571e+02 -7.078146527379416408e-01
9.989999999999999991e-01 3.594444444444444571e+02 -5.387092820501884205e-01
9.999999999871223011e-07 3.613333333333333144e+02 -2.471002720629354998e-01
1.110008888888888989e-01 3.613333333333333144e+02 -5.002540925276210970e-01
2.220007777777777969e-01 3.613333333333333144e+02 -4.548492690298373553e-01
3.330006666666666115e-01 3.613333333333333144e+02 -4.610647708736063111e-01
4.440005555555555095e-01 3.613333333333333144e+02 -5.031332807545157992e-01
5.550004444444444074e-01 3.613333333333333144e+02 -5.043156051423006714e-01
6.660003333333333053e-01 3.613333333333333144e+02 -5.162253658797492095e-01
7.770002222222222032e-01 3.613333333333333144e+02 -5.910647744540344917e-01
8.880001111111111012e-01 3.613333333333333144e+02 -6.511211150983555740e-01
9.989999999999999991e-01 3.613333333333333144e+02 -4.915446797399537493e-01
9.999999999871223011e-07 3.632222222222222285e+02 -1.735798444380374228e-01
1.110008888888888989e-01 3.632222222222222285e+02 -4.447190078632347054e-01
2.220007777777777969e-01 3.632222222222222285e+02 -4.067649406635269749e-01
3.330006666666666115e-01 3.632222222222222285e+02 -4.165568790438394231e-01
4.440005555555555095e-01 3.632222222222222285e+02 -4.637028017130652158e-01
5.550004444444444074e-01 3.632222222222222285e+02 -4.686173078555173621e-01
6.660003333333333053e-01 3.632222222222222285e+02 -4.751962486491636550e-01
7.770002222222222032e-01 3.632222222222222285e+02 -5.328654343701542118e-01
8.880001111111111012e-01 3.632222222222222285e+02 -5.731894473852023886e-01
9.989999999999999991e-01 3.632222222222222285e+02 -4.258367404095599884e-01
9.999999999871223011e-07 3.651111111111110858e+02 -9.416778992147900595e-02
1.110008888888888989e-01 3.651111111111110858e+02 -3.694008584613580615e-01
2.220007777777777969e-01 3.651111111111110858e+02 -3.403445120307475591e-01
3.330006666666666115e-01 3.651111111111110858e+02 -3.533271818554311050e-01
4.440005555555555095e-01 3.651111111111110858e+02 -4.039196675951283177e-01
5.550004444444444074e-01 3.651111111111110858e+02 -4.134167672317122788e-01
6.660003333333333053e-01 3.651111111111110858e+02 -4.165070899330484133e-01
7.770002222222222032e-01 3.651111111111110858e+02 -4.582291347278979465e-01
8.880001111111111012e-01 3.651111111111110858e+02 -4.806082256314676560e-01
9.989999999999999991e-01 3.651111111111110858e+02 -3.463751106448592632e-01
9.999999999871223011e-07 3.670000000000000000e+02 -1.046540347498881030e-02
1.110008888888888989e-01 3.670000000000000000e+02 -2.796024804459913415e-01
2.220007777777777969e-01 3.670000000000000000e+02 -2.594408900816751462e-01
3.330006666666666115e-01 3.670000000000000000e+02 -2.750541311489917984e-01
4.440005555555555095e-01 3.670000000000000000e+02 -3.274505376148408864e-01
5.550004444444444074e-01 3.670000000000000000e+02 -3.417042327525611212e-01
6.660003333333333053e-01 3.670000000000000000e+02 -3.429702803510434883e-01
7.770002222222222032e-01 3.670000000000000000e+02 -3.710308850118911872e-01
8.880001111111111012e-01 3.670000000000000000e+02 -3.785813777116436851e-01
9.989999999999999991e-01 3.670000000000000000e+02 -2.572362754731908341e-01
