9.999999999871223011e-07 3.500000000000000000e+02 -4.169158092084488398e-01
1.110008888888888989e-01 3.500000000000000000e+02 -3.294706193966647767e-01
2.220007777777777969e-01 3.500000000000000000e+02 -3.822797356144241876e-01
3.330006666666666115e-01 3.500000000000000000e+02 -4.420507901151837782e-01
4.440005555555555095e-01 3.500000000000000000e+02 -4.100216425060151382e-01
5.550004444444444074e-01 3.500000000000000000e+02 -3.645139361876289508e-01
6.660003333333333053e-01 3.500000000000000000e+02 -3.826190873295466366e-01
7.770002222222222032e-01 3.500000000000000000e+02 -4.697191128187572229e-01
8.880001111111111012e-01 3.500000000000000000e+02 -5.324627870183938905e-01
9.989999999999999991e-01 3.500000000000000000e+02 -4.043620349720761231e-01
9.999999999871223011e-07 3.518888888888889142e+02 -4.826706397516885572e-01
1.110008888888888989e-01 3.518888888888889142e+02 -4.162034666228654478e-01
2.220007777777777969e-01 3.518888888888889142e+02 -4.621189665071145924e-01
3.330006666666666115e-01 3.518888888888889142e+02 -5.211336422181540584e-01
4.440005555555555095e-01 3.518888888888889142e+02 -4.858362199920903679e-01
5.550004444444444074e-01 3.518888888888889142e+02 -4.352660913716271951e-01
6.660003333333333053e-01 3.518888888888889142e+02 -4.527702840857987798e-01
7.770002222222222032e-01 3.518888888888889142e+02 -5.508502293251004156e-01
8.880001111111111012e-01 3.518888888888889142e+02 -6.309695076487035204e-01
9.989999999999999991e-01 3.518888888888889142e+02 -4.913417612073789353e-01
9.999999999871223011e-07 3.537777777777777715e+02 -5.320239343782940944e-01
1.110008888888888989e-01 3.537777777777777715e+02 -4.900602569349097326e-01
2.220007777777777969e-01 3.537777777777777715e+02 -5.279134342127901336e-01
3.330006666666666115e-01 3.537777777777777715e+02 -5.833071282805383229e-01
4.440005555555555095e-01 3.537777777777777715e+02 -5.449685843693130582e-01
5.550004444444444074e-01 3.537777777777777715e+02 -4.905873140798235887e-01
6.660003333333333053e-01 3.537777777777777715e+02 -5.069234647862944643e-01
7.770002222222222032e-01 3.537777777777777715e+02 -6.136993484842649949e-01
8.880001111111111012e-01 3.537777777777777715e+02 -7.109785984450882612e-01
9.989999999999999991e-01 3.537777777777777715e+02 -5.627269010164244190e-01
9.999999999871223011e-07 3.556666666666666856e+02 -5.649503730630408560e-01
1.110008888888888989e-01 3.556666666666666856e+02 -5.471990730876851172e-01
2.220007777777777969e-01 3.556666666666666856e+02 -5.765783075567640914e-01
3.330006666666666115e-01 3.556666666666666856e+02 -6.252382341348418082e-01
4.440005555555555095e-01 3.556666666666666856e+02 -5.845369800583484210e-01
5.550004444444444074e-01 3.556666666666666856e+02 -5.283390896149375848e-01
6.660003333333333053e-01 3.556666666666666856e+02 -5.431557834035476429e-01
7.770002222222222032e-01 3.556666666666666856e+02 -6.549804469475729585e-01
8.880001111111111012e-01 3.556666666666666856e+02 -7.662786147575996187e-01
9.989999999999999991e-01 3.556666666666666856e+02 -6.140954080053897535e-01
9.999999999871223011e-07 3.575555555555555429e+02 -5.820322523808669768e-01
1.110008888888888989e-01 3.575555555555555429e+02 -5.838062114060992291e-01
2.220007777777777969e-01 3.575555555555555429e+02 -6.053775840504033168e-01
3.330006666666666115e-01 3.575555555555555429e+02 -6.446085111144642665e-01
4.440005555555555095e-01 3.575555555555555429e+02 -6.026308624388774238e-01
5.550004444444444074e-01 3.575555555555555429e+02 -5.471457024716346318e-01
6.660003333333333053e-01 3.575555555555555429e+02 -5.604558138168316272e-01
7.770002222222222032e-01 3.575555555555555429e+02 -6.729056198786621534e-01
8.880001111111111012e-01 3.575555555555555429e+02 -7.919970853286155688e-01
9.989999999999999991e-01 3.575555555555555429e+02 -6.417166004999700357e-01
9.999999999871223011e-07 3.594444444444444571e+02 -5.835425446385062997e-01
1.110008888888888989e-01 3.594444444444444571e+02 -5.967510922163036247e-01
2.220007777777777969e-01 3.594444444444444571e+02 -6.122639233667639402e-01
3.330006666666666115e-01 3.594444444444444571e+02 -6.405435500223397582e-01
4.440005555555555095e-01 3.594444444444444571e+02 -5.986503394456629268e-01
5.550004444444444074e-01 3.594444444444444571e+02 -5.465125328187939724e-01
6.660003333333333053e-01 3.594444444444444571e+02 -5.586935468917619829e-01
7.770002222222222032e-01 3.594444444444444571e+02 -6.674067084702384189e-01
8.880001111111111012e-01 3.594444444444444571e+02 -7.862865715577838088e-01
9.989999999999999991e-01 3.594444444444444571e+02 -6.434711253462452873e-01
9.999999999871223011e-07 3.613333333333333144e+02 -5.689061830915744800e-01
1.110008888888888989e-01 3.613333333333333144e+02 -5.843615040121357129e-01
2.220007777777777969e-01 3.613333333333333144e+02 -5.962178681520029500e-01
3.330006666666666115e-01 3.613333333333333144e+02 -6.136402557547935288e-01
4.440005555555555095e-01 3.613333333333333144e+02 -5.733051039846779329e-01
5.550004444444444074e-01 3.613333333333333144e+02 -5.267839078023547339e-01
6.660003333333333053e-01 3.613333333333333144e+02 -5.383947988433157583e-01
7.770002222222222032e-01 3.613333333333333144e+02 -6.397020762485399192e-01
8.880001111111111012e-01 3.613333333333333144e+02 -7.506926946642116238e-01
9.989999999999999991e-01 3.613333333333333144e+02 -6.193681517629620048e-01
9.999999999871223011e-07 3.632222222222222285e+02 -5.368680284444276030e-01
1.110008888888888989e-01 3.632222222222222285e+02 -5.469689794711487529e-01
2.220007777777777969e-01 3.632222222222222285e+02 -5.576069004774091287e-01
3.330006666666666115e-01 3.632222222222222285e+02 -5.657605719425812252e-01
4.440005555555555095e-01 3.632222222222222285e+02 -5.283763385107664856e-01
5.550004444444444074e-01 3.632222222222222285e+02 -4.890427605420855084e-01
6.660003333333333053e-01 3.632222222222222285e+02 -5.005856007147624354e-01
7.770002222222222032e-01 3.632222222222222285e+02 -5.918291378892571730e-01
8.880001111111111012e-01 3.632222222222222285e+02 -6.893417709200233556e-01
9.989999999999999991e-01 3.632222222222222285e+02 -5.715229620751748341e-01
9.999999999871223011e-07 3.651111111111110858e+02 -4.863755725191237778e-01
1.110008888888888989e-01 3.651111111111110858e+02 -4.869262247856354087e-01
2.220007777777777969e-01 3.651111111111110858e+02 -4.983559241605466372e-01
3.330006666666666115e-01 3.651111111111110858e+02 -4.997131387625128873e-01
4.440005555555555095e-01 3.651111111111110858e+02 -4.663875465172705459e-01
5.550004444444444074e-01 3.651111111111110858e+02 -4.349965450620101315e-01
6.660003333333333053e-01 3.651111111111110858e+02 -4.467800203860989861e-01
7.770002222222222032e-01 3.651111111111110858e+02 -5.264443408490152576e-01
8.880001111111111012e-01 3.651111111111110858e+02 -6.076833676171479182e-01
9.989999999999999991e-01 3.651111111111110858e+02 -5.036300774301502026e-01
9.999999999871223011e-07 3.670000000000000000e+02 -4.176925396709868510e-01
1.110008888888888989e-01 3.670000000000000000e+02 -4.080786615837341813e-01
2.220007777777777969e-01 3.670000000000000000e+02 -4.216300957976928387e-01
3.330006666666666115e-01 3.670000000000000000e+02 -4.188197125933680320e-01
4.440005555555555095e-01 3.670000000000000000e+02 -3.902380071718244414e-01
5.550004444444444074e-01 3.670000000000000000e+02 -3.667987839750318502e-01
6.660003333333333053e-01 3.670000000000000000e+02 -3.789395389708104522e-01
7.770002222222222032e-01 3.670000000000000000e+02 -4.466183356047629394e-01
8.880001111111111012e-01 3.670000000000000000e+02 -5.112418460558304512e-01
9.989999999999999991e-01 3.670000000000000000e+02 -4.200592947317547399e-01
