9.999999999871223011e-07 3.500000000000000000e+02 1.456855408111880745e+00
1.110008888888888989e-01 3.500000000000000000e+02 2.677366564608585353e-01
2.220007777777777969e-01 3.500000000000000000e+02 3.840752972767991213e-02
3.330006666666666115e-01 3.500000000000000000e+02 2.634686349180741516e-01
4.440005555555555095e-01 3.500000000000000000e+02 2.396626302031391598e-01
5.550004444444444074e-01 3.500000000000000000e+02 7.649074150366680369e-02
6.660003333333333053e-01 3.500000000000000000e+02 -8.315279668139385905e-02
7.770002222222222032e-01 3.500000000000000000e+02 -1.996258280431394416e-01
8.880001111111111012e-01 3.500000000000000000e+02 -8.210762534034699023e-02
9.989999999999999991e-01 3.500000000000000000e+02 2.913884974946648332e-01
9.999999999871223011e-07 3.518888888888889142e+02 1.448313901955001315e+00
1.110008888888888989e-01 3.518888888888889142e+02 1.446505282179050278e-01
2.220007777777777969e-01 3.518888888888889142e+02 -4.429591940639843184e-02
3.330006666666666115e-01 3.518888888888889142e+02 1.741949914182893688e-01
4.440005555555555095e-01 3.518888888888889142e+02 1.413589756215818394e-01
5.550004444444444074e-01 3.518888888888889142e+02 1.497880350329849897e-02
6.660003333333333053e-01 3.518888888888889142e+02 -1.261763988959699878e-01
7.770002222222222032e-01 3.518888888888889142e+02 -2.866631877310229504e-01
8.880001111111111012e-01 3.518888888888889142e+02 -2.237218335032076233e-01
9.989999999999999991e-01 3.518888888888889142e+02 1.820962766570565217e-01
9.999999999871223011e-07 3.537777777777777715e+02 1.441702201933743321e+00
1.110008888888888989e-01 3.537777777777777715e+02 4.839890943347580077e-02
2.220007777777777969e-01 3.537777777777777715e+02 -1.009173239753875517e-01
3.330006666666666115e-01 3.537777777777777715e+02 1.055480811005019004e-01
4.440005555555555095e-01 3.537777777777777715e+02 7.071472505282422327e-02
5.550004444444444074e-01 3.537777777777777715e+02 -2.220169688089690396e-03
6.660003333333333053e-01 3.537777777777777715e+02 -1.134119756633030773e-01
7.770002222222222032e-01 3.537777777777777715e+02 -3.131374534699796763e-01
8.880001111111111012e-01 3.537777777777777715e+02 -3.358282559494027986e-01
9.989999999999999991e-01 3.537777777777777715e+02 8.192098681884418809e-02
9.999999999871223011e-07 3.556666666666666856e+02 1.437214261483848787e+00
1.110008888888888989e-01 3.556666666666666856e+02 -8.231164140436453280e-03
2.220007777777777969e-01 3.556666666666666856e+02 -1.255482652550914402e-01
3.330006666666666115e-01 3.556666666666666856e+02 6.469362088183833182e-02
4.440005555555555095e-01 3.556666666666666856e+02 3.771621273148939579e-02
5.550004444444444074e-01 3.556666666666666856e+02 2.736296874426391579e-02
6.660003333333333053e-01 3.556666666666666856e+02 -4.837124400011838521e-02
7.770002222222222032e-01 3.556666666666666856e+02 -2.737368554425776423e-01
8.880001111111111012e-01 3.556666666666666856e+02 -4.009686450610842057e-01
9.989999999999999991e-01 3.556666666666666856e+02 -3.445806867216516522e-03
9.999999999871223011e-07 3.575555555555555429e+02 1.434983925593217968e+00
1.110008888888888989e-01 3.575555555555555429e+02 -1.662994147177931925e-02
2.220007777777777969e-01 3.575555555555555429e+02 -1.155708289333912120e-01
3.330006666666666115e-01 3.575555555555555429e+02 5.722282132291905965e-02
4.440005555555555095e-01 3.575555555555555429e+02 4.765210702812111565e-02
5.550004444444444074e-01 3.575555555555555429e+02 9.807481253113914388e-02
6.660003333333333053e-01 3.575555555555555429e+02 5.520108670421486341e-02
7.770002222222222032e-01 3.575555555555555429e+02 -1.806758090749537304e-01
8.880001111111111012e-01 3.575555555555555429e+02 -4.073781544097870855e-01
9.989999999999999991e-01 3.575555555555555429e+02 -6.732216029332793727e-02
9.999999999871223011e-07 3.594444444444444571e+02 1.435079148745061373e+00
1.110008888888888989e-01 3.594444444444444571e+02 2.407500157007791408e-02
2.220007777777777969e-01 3.594444444444444571e+02 -7.226456850780138552e-02
3.330006666666666115e-01 3.594444444444444571e+02 8.499952337850880113e-02
4.440005555555555095e-01 3.594444444444444571e+02 9.861356161149076316e-02
5.550004444444444074e-01 3.594444444444444571e+02 1.987481879779158245e-01
6.660003333333333053e-01 3.594444444444444571e+02 1.813994445000401967e-01
7.770002222222222032e-01 3.594444444444444571e+02 -5.452984286142315007e-02
8.880001111111111012e-01 3.594444444444444571e+02 -3.553921646756003083e-01
9.989999999999999991e-01 3.594444444444444571e+02 -1.031119778256605057e-01
9.999999999871223011e-07 3.613333333333333144e+02 1.437499163725402429e+00
1.110008888888888989e-01 3.613333333333333144e+02 1.070479629078678330e-01
2.220007777777777969e-01 3.613333333333333144e+02 -3.265583815055261852e-04
3.330006666666666115e-01 3.613333333333333144e+02 1.450494804823517225e-01
4.440005555555555095e-01 3.613333333333333144e+02 1.828666868142393986e-01
5.550004444444444074e-01 3.613333333333333144e+02 3.175498158188243547e-01
6.660003333333333053e-01 3.613333333333333144e+02 3.174675082634819123e-01
7.770002222222222032e-01 3.613333333333333144e+02 8.687261169696103291e-02
8.880001111111111012e-01 3.613333333333333144e+02 -2.576108248134982848e-01
9.989999999999999991e-01 3.613333333333333144e+02 -1.061739346204999546e-01
9.999999999871223011e-07 3.632222222222222285e+02 1.442174537086377661e+00
1.110008888888888989e-01 3.632222222222222285e+02 2.209385334301721682e-01
2.220007777777777969e-01 3.632222222222222285e+02 9.333859582609516092e-02
3.330006666666666115e-01 3.632222222222222285e+02 2.306298291299791470e-01
4.440005555555555095e-01 3.632222222222222285e+02 2.898929728320974175e-01
5.550004444444444074e-01 3.632222222222222285e+02 4.448565208759976408e-01
6.660003333333333053e-01 3.632222222222222285e+02 4.547437780203180124e-01
7.770002222222222032e-01 3.632222222222222285e+02 2.317036280515495372e-01
8.880001111111111012e-01 3.632222222222222285e+02 -1.317106441655392368e-01
9.989999999999999991e-01 3.632222222222222285e+02 -7.571427831637966843e-02
9.999999999871223011e-07 3.651111111111110858e+02 1.448970101868423122e+00
1.110008888888888989e-01 3.651111111111110858e+02 3.538537952484209215e-01
2.220007777777777969e-01 3.651111111111110858e+02 2.012741512176874914e-01
3.330006666666666115e-01 3.651111111111110858e+02 3.336593041488024047e-01
4.440005555555555095e-01 3.651111111111110858e+02 4.098473800401333245e-01
5.550004444444444074e-01 3.651111111111110858e+02 5.737618342173703700e-01
6.660003333333333053e-01 3.651111111111110858e+02 5.879167925157102736e-01
7.770002222222222032e-01 3.651111111111110858e+02 3.732331906455949033e-01
8.880001111111111012e-01 3.651111111111110858e+02 7.503513868157063449e-03
9.989999999999999991e-01 3.651111111111110858e+02 -1.518474240201672654e-02
9.999999999871223011e-07 3.670000000000000000e+02 1.457690821167472173e+00
1.110008888888888989e-01 3.670000000000000000e+02 4.950891222452030727e-01
2.220007777777777969e-01 3.670000000000000000e+02 3.166498611490827231e-01
3.330006666666666115e-01 3.670000000000000000e+02 4.466691835187842630e-01
4.440005555555555095e-01 3.670000000000000000e+02 5.350906360659452021e-01
5.550004444444444074e-01 3.670000000000000000e+02 6.996291633485804962e-01
6.660003333333333053e-01 3.670000000000000000e+02 7.139949230157163207e-01
7.770002222222222032e-01 3.670000000000000000e+02 5.080749390718291014e-01
8.880001111111111012e-01 3.670000000000000000e+02 1.505063826806544158e-01
9.989999999999999991e-01 3.670000000000000000e+02 6.922220239145926435e-02
