9.999999999871223011e-07 3.500000000000000000e+02 -4.374170791651523227e-01
1.110008888888888989e-01 3.500000000000000000e+02 -5.358702457429445065e-01
2.220007777777777969e-01 3.500000000000000000e+02 -5.325574055000265039e-01
3.330006666666666115e-01 3.500000000000000000e+02 -5.339143670278603260e-01
4.440005555555555095e-01 3.500000000000000000e+02 -5.387818949821981951e-01
5.550004444444444074e-01 3.500000000000000000e+02 -5.344457644587403689e-01
6.660003333333333053e-01 3.500000000000000000e+02 -5.561527852832092167e-01
7.770002222222222032e-01 3.500000000000000000e+02 -6.242750058803495650e-01
8.880001111111111012e-01 3.500000000000000000e+02 -6.696184718331883445e-01
9.989999999999999991e-01 3.500000000000000000e+02 -5.447130228770968863e-01
9.999999999871223011e-07 3.518888888888889142e+02 -5.079023743145879566e-01
1.110008888888888989e-01 3.518888888888889142e+02 -6.179775017816002691e-01
2.220007777777777969e-01 3.518888888888889142e+02 -6.105901467629288870e-01
3.330006666666666115e-01 3.518888888888889142e+02 -6.122492157715453409e-01
4.440005555555555095e-01 3.518888888888889142e+02 -6.167738194630167925e-01
5.550004444444444074e-01 3.518888888888889142e+02 -6.072719398347564690e-01
6.660003333333333053e-01 3.518888888888889142e+02 -6.263879683478026372e-01
7.770002222222222032e-01 3.518888888888889142e+02 -7.030599440288276547e-01
8.880001111111111012e-01 3.518888888888889142e+02 -7.640319376225265247e-01
9.989999999999999991e-01 3.518888888888889142e+02 -6.301905097309780102e-01
9.999999999871223011e-07 3.537777777777777715e+02 -5.654257859722677804e-01
1.110008888888888989e-01 3.537777777777777715e+02 -6.832652300173611692e-01
2.220007777777777969e-01 3.537777777777777715e+02 -6.737790487010012486e-01
3.330006666666666115e-01 3.537777777777777715e+02 -6.758782583187399329e-01
4.440005555555555095e-01 3.537777777777777715e+02 -6.793172030924262694e-01
5.550004444444444074e-01 3.537777777777777715e+02 -6.639550413276664731e-01
6.660003333333333053e-01 3.537777777777777715e+02 -6.792131554262406112e-01
7.770002222222222032e-01 3.537777777777777715e+02 -7.621633036434946051e-01
8.880001111111111012e-01 3.537777777777777715e+02 -8.384294627167341307e-01
9.989999999999999991e-01 3.537777777777777715e+02 -6.987148651294343704e-01
9.999999999871223011e-07 3.556666666666666856e+02 -6.099723207689324855e-01
1.110008888888888989e-01 3.556666666666666856e+02 -7.291269549357297652e-01
2.220007777777777969e-01 3.556666666666666856e+02 -7.202316168014836206e-01
3.330006666666666115e-01 3.556666666666666856e+02 -7.228646523402094681e-01
4.440005555555555095e-01 3.556666666666666856e+02 -7.244884385497811774e-01
5.550004444444444074e-01 3.556666666666666856e+02 -7.031782161564856803e-01
6.660003333333333053e-01 3.556666666666666856e+02 -7.137163809517980129e-01
7.770002222222222032e-01 3.556666666666666856e+02 -7.997169274703302966e-01
8.880001111111111012e-01 3.556666666666666856e+02 -8.883130774423264597e-01
9.989999999999999991e-01 3.556666666666666856e+02 -7.467915744989753746e-01
9.999999999871223011e-07 3.575555555555555429e+02 -6.415612130100487587e-01
1.110008888888888989e-01 3.575555555555555429e+02 -7.536596085142563961e-01
2.220007777777777969e-01 3.575555555555555429e+02 -7.484844225833428011e-01
3.330006666666666115e-01 3.575555555555555429e+02 -7.516920278179021198e-01
4.440005555555555095e-01 3.575555555555555429e+02 -7.509242834800995414e-01
5.550004444444444074e-01 3.575555555555555429e+02 -7.243388914639815601e-01
6.660003333333333053e-01 3.575555555555555429e+02 -7.300111382840654972e-01
7.770002222222222032e-01 3.575555555555555429e+02 -8.155607980079869757e-01
8.880001111111111012e-01 3.575555555555555429e+02 -9.110303581180752008e-01
9.989999999999999991e-01 3.575555555555555429e+02 -7.718734800674057484e-01
9.999999999871223011e-07 3.594444444444444571e+02 -6.593978298466562915e-01
1.110008888888888989e-01 3.594444444444444571e+02 -7.557872163566774493e-01
2.220007777777777969e-01 3.594444444444444571e+02 -7.573054233086409237e-01
3.330006666666666115e-01 3.594444444444444571e+02 -7.611220970768304284e-01
4.440005555555555095e-01 3.594444444444444571e+02 -7.577258840951559549e-01
5.550004444444444074e-01 3.594444444444444571e+02 -7.272977670020783769e-01
6.660003333333333053e-01 3.594444444444444571e+02 -7.287380136390499974e-01
7.770002222222222032e-01 3.594444444444444571e+02 -8.106936270470074257e-01
8.880001111111111012e-01 3.594444444444444571e+02 -9.062396620714514572e-01
9.989999999999999991e-01 3.594444444444444571e+02 -7.727678584339958689e-01
9.999999999871223011e-07 3.613333333333333144e+02 -6.613338803803647803e-01
1.110008888888888989e-01 3.613333333333333144e+02 -7.352369906692418633e-01
2.220007777777777969e-01 3.613333333333333144e+02 -7.455356128060123266e-01
3.330006666666666115e-01 3.613333333333333144e+02 -7.500494882202071167e-01
4.440005555555555095e-01 3.613333333333333144e+02 -7.442689711135263009e-01
5.550004444444444074e-01 3.613333333333333144e+02 -7.120129146960995081e-01
6.660003333333333053e-01 3.613333333333333144e+02 -7.103979950652746789e-01
7.770002222222222032e-01 3.613333333333333144e+02 -7.862014968999653242e-01
8.880001111111111012e-01 3.613333333333333144e+02 -8.752047707374575047e-01
9.989999999999999991e-01 3.613333333333333144e+02 -7.495977037371671647e-01
9.999999999871223011e-07 3.632222222222222285e+02 -6.440547477717993852e-01
1.110008888888888989e-01 3.632222222222222285e+02 -6.926208641810460698e-01
2.220007777777777969e-01 3.632222222222222285e+02 -7.123818336726521760e-01
3.330006666666666115e-01 3.632222222222222285e+02 -7.177494584603063554e-01
4.440005555555555095e-01 3.632222222222222285e+02 -7.103139180252393547e-01
5.550004444444444074e-01 3.632222222222222285e+02 -6.784942499172733621e-01
6.660003333333333053e-01 3.632222222222222285e+02 -6.751670811646678372e-01
7.770002222222222032e-01 3.632222222222222285e+02 -7.428534437162033210e-01
8.880001111111111012e-01 3.632222222222222285e+02 -8.201945699213802898e-01
9.989999999999999991e-01 3.632222222222222285e+02 -7.037258361073770452e-01
9.999999999871223011e-07 3.651111111111110858e+02 -6.043861960642497033e-01
1.110008888888888989e-01 3.651111111111110858e+02 -6.296042220546048673e-01
2.220007777777777969e-01 3.651111111111110858e+02 -6.580923902665940517e-01
3.330006666666666115e-01 3.651111111111110858e+02 -6.644807013857785272e-01
4.440005555555555095e-01 3.651111111111110858e+02 -6.564268081284272416e-01
5.550004444444444074e-01 3.651111111111110858e+02 -6.271466555184546099e-01
6.660003333333333053e-01 3.651111111111110858e+02 -6.233067310847153486e-01
7.770002222222222032e-01 3.651111111111110858e+02 -6.815965465660125400e-01
8.880001111111111012e-01 3.651111111111110858e+02 -7.444337454437754964e-01
9.989999999999999991e-01 3.651111111111110858e+02 -6.377232520512386982e-01
9.999999999871223011e-07 3.670000000000000000e+02 -5.412696137498256288e-01
1.110008888888888989e-01 3.670000000000000000e+02 -5.488510537030693026e-01
2.220007777777777969e-01 3.670000000000000000e+02 -5.843691200617066039e-01
3.330006666666666115e-01 3.670000000000000000e+02 -5.918604858667187996e-01
4.440005555555555095e-01 3.670000000000000000e+02 -5.842333525563887520e-01
5.550004444444444074e-01 3.670000000000000000e+02 -5.590890118279752130e-01
6.660003333333333053e-01 3.670000000000000000e+02 -5.556577078159343763e-01
7.770002222222222032e-01 3.670000000000000000e+02 -6.040984989646820402e-01
8.880001111111111012e-01 3.670000000000000000e+02 -6.518782666228264411e-01
9.989999999999999991e-01 3.670000000000000000e+02 -5.550113023061674644e-01
