9.999999999871223011e-07 3.500000000000000000e+02 -8.095183410478890007e-01
1.110008888888888989e-01 3.500000000000000000e+02 -7.984696827884978365e-01
2.220007777777777969e-01 3.500000000000000000e+02 -7.964855940633150944e-01
3.330006666666666115e-01 3.500000000000000000e+02 -7.886853633980315248e-01
4.440005555555555095e-01 3.500000000000000000e+02 -7.910266038050021153e-01
5.550004444444444074e-01 3.500000000000000000e+02 -7.828359733125871411e-01
6.660003333333333053e-01 3.500000000000000000e+02 -7.901906835031207166e-01
7.770002222222222032e-01 3.500000000000000000e+02 -8.364206161140308460e-01
8.880001111111111012e-01 3.500000000000000000e+02 -8.643284989134553120e-01
9.989999999999999991e-01 3.500000000000000000e+02 -7.409487425800982408e-01
9.999999999871223011e-07 3.518888888888889142e+02 -8.761734479376155349e-01
1.110008888888888989e-01 3.518888888888889142e+02 -8.752514797738666363e-01
2.220007777777777969e-01 3.518888888888889142e+02 -8.714122100503981505e-01
3.330006666666666115e-01 3.518888888888889142e+02 -8.636293176407898731e-01
4.440005555555555095e-01 3.518888888888889142e+02 -8.661895108606304516e-01
5.550004444444444074e-01 3.518888888888889142e+02 -8.532666623370990244e-01
6.660003333333333053e-01 3.518888888888889142e+02 -8.580099129712074335e-01
7.770002222222222032e-01 3.518888888888889142e+02 -9.123526652759836875e-01
8.880001111111111012e-01 3.518888888888889142e+02 -9.562482763693860299e-01
9.989999999999999991e-01 3.518888888888889142e+02 -8.277179968178038916e-01
9.999999999871223011e-07 3.537777777777777715e+02 -9.204979064127987165e-01
1.110008888888888989e-01 3.537777777777777715e+02 -9.310825495456419576e-01
2.220007777777777969e-01 3.537777777777777715e+02 -9.272137872553392057e-01
3.330006666666666115e-01 3.537777777777777715e+02 -9.199629112834601941e-01
4.440005555555555095e-01 3.537777777777777715e+02 -9.222309591988783195e-01
5.550004444444444074e-01 3.537777777777777715e+02 -9.043455223479470728e-01
6.660003333333333053e-01 3.537777777777777715e+02 -9.059179545635172026e-01
7.770002222222222032e-01 3.537777777777777715e+02 -9.668152720184028937e-01
8.880001111111111012e-01 3.537777777777777715e+02 -1.027034729746480579e+00
9.989999999999999991e-01 3.537777777777777715e+02 -8.971429066978462430e-01
9.999999999871223011e-07 3.556666666666666856e+02 -9.467609546264794673e-01
1.110008888888888989e-01 3.556666666666666856e+02 -9.665886955847184936e-01
2.220007777777777969e-01 3.556666666666666856e+02 -9.645985753925608863e-01
3.330006666666666115e-01 3.556666666666666856e+02 -9.582799767707503857e-01
4.440005555555555095e-01 3.556666666666666856e+02 -9.597124250861871486e-01
5.550004444444444074e-01 3.556666666666666856e+02 -9.371545781698681354e-01
6.660003333333333053e-01 3.556666666666666856e+02 -9.354373158063005178e-01
7.770002222222222032e-01 3.556666666666666856e+02 -1.000663333235118468e+00
8.880001111111111012e-01 3.556666666666666856e+02 -1.075091191390753487e+00
9.989999999999999991e-01 3.556666666666666856e+02 -9.475373290380136870e-01
9.999999999871223011e-07 3.575555555555555429e+02 -9.598596399344987429e-01
1.110008888888888989e-01 3.575555555555555429e+02 -9.836782699554934561e-01
2.220007777777777969e-01 3.575555555555555429e+02 -9.853524458039542022e-01
3.330006666666666115e-01 3.575555555555555429e+02 -9.801918944847383131e-01
4.440005555555555095e-01 3.575555555555555429e+02 -9.802940310126786461e-01
5.550004444444444074e-01 3.575555555555555429e+02 -9.538243672881370205e-01
6.660003333333333053e-01 3.575555555555555429e+02 -9.492937714297695617e-01
7.770002222222222032e-01 3.575555555555555429e+02 -1.016679772087928812e+00
8.880001111111111012e-01 3.575555555555555429e+02 -1.101193309303780898e+00
9.989999999999999991e-01 3.575555555555555429e+02 -9.783108153106342408e-01
9.999999999871223011e-07 3.594444444444444571e+02 -9.623732890243259508e-01
1.110008888888888989e-01 3.594444444444444571e+02 -9.840469740199127013e-01
2.220007777777777969e-01 3.594444444444444571e+02 -9.907356845234719378e-01
3.330006666666666115e-01 3.594444444444444571e+02 -9.868598970942685789e-01
4.440005555555555095e-01 3.594444444444444571e+02 -9.853380708327328374e-01
5.550004444444444074e-01 3.594444444444444571e+02 -9.561342385646679487e-01
6.660003333333333053e-01 3.594444444444444571e+02 -9.497806012302908441e-01
7.770002222222222032e-01 3.594444444444444571e+02 -1.017551517659469829e+00
8.880001111111111012e-01 3.594444444444444571e+02 -1.106849171824077160e+00
9.989999999999999991e-01 3.594444444444444571e+02 -9.891907268664547059e-01
9.999999999871223011e-07 3.613333333333333144e+02 -9.535532167769487089e-01
1.110008888888888989e-01 3.613333333333333144e+02 -9.676986932820010878e-01
2.220007777777777969e-01 3.613333333333333144e+02 -9.801376716197870431e-01
3.330006666666666115e-01 3.613333333333333144e+02 -9.776448995840213430e-01
4.440005555555555095e-01 3.613333333333333144e+02 -9.745093151443852131e-01
5.550004444444444074e-01 3.613333333333333144e+02 -9.441475163428113548e-01
6.660003333333333053e-01 3.613333333333333144e+02 -9.372228781695535194e-01
7.770002222222222032e-01 3.613333333333333144e+02 -1.003706983699358180e+00
8.880001111111111012e-01 3.613333333333333144e+02 -1.091882588219786232e+00
9.989999999999999991e-01 3.613333333333333144e+02 -9.790907951652343399e-01
9.999999999871223011e-07 3.632222222222222285e+02 -9.291770404567644137e-01
1.110008888888888989e-01 3.632222222222222285e+02 -9.329236037780397339e-01
2.220007777777777969e-01 3.632222222222222285e+02 -9.511260614767693689e-01
3.330006666666666115e-01 3.632222222222222285e+02 -9.501035862500640805e-01
4.440005555555555095e-01 3.632222222222222285e+02 -9.457111621160071424e-01
5.550004444444444074e-01 3.632222222222222285e+02 -9.160887639115427028e-01
6.660003333333333053e-01 3.632222222222222285e+02 -9.098017473302488778e-01
7.770002222222222032e-01 3.632222222222222285e+02 -9.730056567694218561e-01
8.880001111111111012e-01 3.632222222222222285e+02 -1.054118738006919020e+00
9.989999999999999991e-01 3.632222222222222285e+02 -9.461798060625649098e-01
9.999999999871223011e-07 3.651111111111110858e+02 -8.831170177229182849e-01
1.110008888888888989e-01 3.651111111111110858e+02 -8.777625550102735597e-01
2.220007777777777969e-01 3.651111111111110858e+02 -9.010093538609887931e-01
3.330006666666666115e-01 3.651111111111110858e+02 -9.015262720871189961e-01
4.440005555555555095e-01 3.651111111111110858e+02 -8.965363926313771881e-01
5.550004444444444074e-01 3.651111111111110858e+02 -8.695945181880816444e-01
6.660003333333333053e-01 3.651111111111110858e+02 -8.648549107519278856e-01
7.770002222222222032e-01 3.651111111111110858e+02 -9.225447082671243137e-01
8.880001111111111012e-01 3.651111111111110858e+02 -9.917027679921630590e-01
9.989999999999999991e-01 3.651111111111110858e+02 -8.894430857675386104e-01
9.999999999871223011e-07 3.670000000000000000e+02 -8.114295598776569696e-01
1.110008888888888989e-01 3.670000000000000000e+02 -8.015692666701255131e-01
2.220007777777777969e-01 3.670000000000000000e+02 -8.287532793573826329e-01
3.330006666666666115e-01 3.670000000000000000e+02 -8.308000082985634860e-01
4.440005555555555095e-01 3.670000000000000000e+02 -8.259565444283089031e-01
5.550004444444444074e-01 3.670000000000000000e+02 -8.032605445182213755e-01
6.660003333333333053e-01 3.670000000000000000e+02 -8.005805419287209679e-01
7.770002222222222032e-01 3.670000000000000000e+02 -8.508903747207413604e-01
8.880001111111111012e-01 3.670000000000000000e+02 -9.054482014761905395e-01
9.989999999999999991e-01 3.670000000000000000e+02 -8.100898797077803470e-01
