9.999999999871223011e-07 3.500000000000000000e+02 -3.792896894513891337e-01
1.110008888888888989e-01 3.500000000000000000e+02 -3.016927304805165910e-01
2.220007777777777969e-01 3.500000000000000000e+02 -2.919153157003091525e-01
3.330006666666666115e-01 3.500000000000000000e+02 -2.803190163597840678e-01
4.440005555555555095e-01 3.500000000000000000e+02 -2.822548559019020242e-01
5.550004444444444074e-01 3.500000000000000000e+02 -2.933718220660621601e-01
6.660003333333333053e-01 3.500000000000000000e+02 -3.451514736894071289e-01
7.770002222222222032e-01 3.500000000000000000e+02 -4.502626005995676861e-01
8.880001111111111012e-01 3.500000000000000000e+02 -5.234295306859881869e-01
9.989999999999999991e-01 3.500000000000000000e+02 -3.924972290941054487e-01
9.999999999871223011e-07 3.518888888888889142e+02 -4.164537670595536145e-01
1.110008888888888989e-01 3.518888888888889142e+02 -3.894873935072753479e-01
2.220007777777777969e-01 3.518888888888889142e+02 -3.779723696542890421e-01
3.330006666666666115e-01 3.518888888888889142e+02 -3.646801550314946461e-01
4.440005555555555095e-01 3.518888888888889142e+02 -3.649654791420379185e-01
5.550004444444444074e-01 3.518888888888889142e+02 -3.719469325952047267e-01
6.660003333333333053e-01 3.518888888888889142e+02 -4.220223175744760580e-01
7.770002222222222032e-01 3.518888888888889142e+02 -5.355086050855888402e-01
8.880001111111111012e-01 3.518888888888889142e+02 -6.205750237614957587e-01
9.989999999999999991e-01 3.518888888888889142e+02 -4.720610026229443701e-01
9.999999999871223011e-07 3.537777777777777715e+02 -4.246482475380410904e-01
1.110008888888888989e-01 3.537777777777777715e+02 -4.616872036339725316e-01
2.220007777777777969e-01 3.537777777777777715e+02 -4.529557686627032620e-01
3.330006666666666115e-01 3.537777777777777715e+02 -4.379888127713702506e-01
4.440005555555555095e-01 3.537777777777777715e+02 -4.354295809395498651e-01
5.550004444444444074e-01 3.537777777777777715e+02 -4.369113523371671581e-01
6.660003333333333053e-01 3.537777777777777715e+02 -4.826533818930409669e-01
7.770002222222222032e-01 3.537777777777777715e+02 -5.999046588675993608e-01
8.880001111111111012e-01 3.537777777777777715e+02 -6.931162580276245544e-01
9.989999999999999991e-01 3.537777777777777715e+02 -5.296249072613231634e-01
9.999999999871223011e-07 3.556666666666666856e+02 -4.067902772649480414e-01
1.110008888888888989e-01 3.556666666666666856e+02 -5.134769132234627831e-01
2.220007777777777969e-01 3.556666666666666856e+02 -5.134029245705065136e-01
3.330006666666666115e-01 3.556666666666666856e+02 -4.969222015387557700e-01
4.440005555555555095e-01 3.556666666666666856e+02 -4.903178838636760295e-01
5.550004444444444074e-01 3.556666666666666856e+02 -4.853284838378462140e-01
6.660003333333333053e-01 3.556666666666666856e+02 -5.242209836647349075e-01
7.770002222222222032e-01 3.556666666666666856e+02 -6.391764597961234751e-01
8.880001111111111012e-01 3.556666666666666856e+02 -7.339465998125406232e-01
9.989999999999999991e-01 3.556666666666666856e+02 -5.608847605233548972e-01
9.999999999871223011e-07 3.575555555555555429e+02 -3.681249194371318811e-01
1.110008888888888989e-01 3.575555555555555429e+02 -5.406873478946463418e-01
2.220007777777777969e-01 3.575555555555555429e+02 -5.555465967500630153e-01
3.330006666666666115e-01 3.575555555555555429e+02 -5.379302500569783652e-01
4.440005555555555095e-01 3.575555555555555429e+02 -5.263547803300723249e-01
5.550004444444444074e-01 3.575555555555555429e+02 -5.146613560417195865e-01
6.660003333333333053e-01 3.575555555555555429e+02 -5.448892443844400857e-01
7.770002222222222032e-01 3.575555555555555429e+02 -6.512703112250747273e-01
8.880001111111111012e-01 3.575555555555555429e+02 -7.394208385773279879e-01
9.989999999999999991e-01 3.575555555555555429e+02 -5.639848767011119701e-01
9.999999999871223011e-07 3.594444444444444571e+02 -3.139943309795485415e-01
1.110008888888888989e-01 3.594444444444444571e+02 -5.408634353853871701e-01
2.220007777777777969e-01 3.594444444444444571e+02 -5.757345012982082455e-01
3.330006666666666115e-01 3.594444444444444571e+02 -5.576762166877006210e-01
4.440005555555555095e-01 3.594444444444444571e+02 -5.408239964895255047e-01
5.550004444444444074e-01 3.594444444444444571e+02 -5.231448188270882982e-01
6.660003333333333053e-01 3.594444444444444571e+02 -5.440273543689135849e-01
7.770002222222222032e-01 3.594444444444444571e+02 -6.367669708951371188e-01
8.880001111111111012e-01 3.594444444444444571e+02 -7.110284388607498451e-01
9.989999999999999991e-01 3.594444444444444571e+02 -5.401343926961599262e-01
9.999999999871223011e-07 3.613333333333333144e+02 -2.486947765189467807e-01
1.110008888888888989e-01 3.613333333333333144e+02 -5.140407688324371005e-01
2.220007777777777969e-01 3.613333333333333144e+02 -5.711317282186927358e-01
3.330006666666666115e-01 3.613333333333333144e+02 -5.536811508420612649e-01
4.440005555555555095e-01 3.613333333333333144e+02 -5.321351005078208685e-01
5.550004444444444074e-01 3.613333333333333144e+02 -5.100862587227628087e-01
6.660003333333333053e-01 3.613333333333333144e+02 -5.221192147160901298e-01
7.770002222222222032e-01 3.613333333333333144e+02 -5.982261893751074089e-01
8.880001111111111012e-01 3.613333333333333144e+02 -6.542939705750764334e-01
9.989999999999999991e-01 3.613333333333333144e+02 -4.929814507967869019e-01
9.999999999871223011e-07 3.632222222222222285e+02 -1.753163787860286815e-01
1.110008888888888989e-01 3.632222222222222285e+02 -4.627389984692538150e-01
2.220007777777777969e-01 3.632222222222222285e+02 -5.406344544541176189e-01
3.330006666666666115e-01 3.632222222222222285e+02 -5.250462988253721264e-01
4.440005555555555095e-01 3.632222222222222285e+02 -5.002707360962107552e-01
5.550004444444444074e-01 3.632222222222222285e+02 -4.760375172640372021e-01
6.660003333333333053e-01 3.632222222222222285e+02 -4.805957029754814869e-01
7.770002222222222032e-01 3.632222222222222285e+02 -5.392858005872559479e-01
8.880001111111111012e-01 3.632222222222222285e+02 -5.762925980518205371e-01
9.989999999999999991e-01 3.632222222222222285e+02 -4.273269219112802997e-01
9.999999999871223011e-07 3.651111111111110858e+02 -9.601839599697026273e-02
1.110008888888888989e-01 3.651111111111110858e+02 -3.911992937594106490e-01
2.220007777777777969e-01 3.651111111111110858e+02 -4.855367301089813514e-01
3.330006666666666115e-01 3.651111111111110858e+02 -4.729172837057776801e-01
4.440005555555555095e-01 3.651111111111110858e+02 -4.469016196503421412e-01
5.550004444444444074e-01 3.651111111111110858e+02 -4.227639820371442703e-01
6.660003333333333053e-01 3.651111111111110858e+02 -4.216831360971557974e-01
7.770002222222222032e-01 3.651111111111110858e+02 -4.639911157613553216e-01
8.880001111111111012e-01 3.651111111111110858e+02 -4.836446025920533298e-01
9.989999999999999991e-01 3.651111111111110858e+02 -3.479530910320985937e-01
9.999999999871223011e-07 3.670000000000000000e+02 -1.241544803774663475e-02
1.110008888888888989e-01 3.670000000000000000e+02 -3.043381010693841926e-01
2.220007777777777969e-01 3.670000000000000000e+02 -4.093117772068205484e-01
3.330006666666666115e-01 3.670000000000000000e+02 -4.003106277585483097e-01
4.440005555555555095e-01 3.670000000000000000e+02 -3.750450784968489826e-01
5.550004444444444074e-01 3.670000000000000000e+02 -3.529417748830528945e-01
6.660003333333333053e-01 3.670000000000000000e+02 -3.481454298811179626e-01
7.770002222222222032e-01 3.670000000000000000e+02 -3.762717004683080457e-01
8.880001111111111012e-01 3.670000000000000000e+02 -3.815753597908387862e-01
9.989999999999999991e-01 3.670000000000000000e+02 -2.589288945966984334e-01
