9.999999999871223011e-07 3.500000000000000000e+02 -6.557330084292409822e-01
1.110008888888888989e-01 3.500000000000000000e+02 -6.016592756274832254e-01
2.220007777777777969e-01 3.500000000000000000e+02 -6.361230131627295670e-01
3.330006666666666115e-01 3.500000000000000000e+02 -6.501512592744920216e-01
4.440005555555555095e-01 3.500000000000000000e+02 -6.570769148321901065e-01
5.550004444444444074e-01 3.500000000000000000e+02 -6.570223293747201598e-01
6.660003333333333053e-01 3.500000000000000000e+02 -6.716415026957993639e-01
7.770002222222222032e-01 3.500000000000000000e+02 -7.277127710689967888e-01
8.880001111111111012e-01 3.500000000000000000e+02 -7.687279198743454112e-01
9.989999999999999991e-01 3.500000000000000000e+02 -6.485747037429965278e-01
9.999999999871223011e-07 3.518888888888889142e+02 -7.218724927997930418e-01
1.110008888888888989e-01 3.518888888888889142e+02 -6.801820735503620874e-01
2.220007777777777969e-01 3.518888888888889142e+02 -7.100011194207975773e-01
3.330006666666666115e-01 3.518888888888889142e+02 -7.230832455096704026e-01
4.440005555555555095e-01 3.518888888888889142e+02 -7.320344964043601355e-01
5.550004444444444074e-01 3.518888888888889142e+02 -7.295788426559399742e-01
6.660003333333333053e-01 3.518888888888889142e+02 -7.416356164339834578e-01
7.770002222222222032e-01 3.518888888888889142e+02 -8.047588801430581862e-01
8.880001111111111012e-01 3.518888888888889142e+02 -8.607454211468660299e-01
9.989999999999999991e-01 3.518888888888889142e+02 -7.334278244840117811e-01
9.999999999871223011e-07 3.537777777777777715e+02 -7.685941653147263519e-01
1.110008888888888989e-01 3.537777777777777715e+02 -7.411213063968238313e-01
2.220007777777777969e-01 3.537777777777777715e+02 -7.651382766734134977e-01
3.330006666666666115e-01 3.537777777777777715e+02 -7.772968872844318033e-01
4.440005555555555095e-01 3.537777777777777715e+02 -7.887882400381980297e-01
5.550004444444444074e-01 3.537777777777777715e+02 -7.842422562742795700e-01
6.660003333333333053e-01 3.537777777777777715e+02 -7.930628977064755336e-01
7.770002222222222032e-01 3.537777777777777715e+02 -8.611701404190612585e-01
8.880001111111111012e-01 3.537777777777777715e+02 -9.314752131168568816e-01
9.989999999999999991e-01 3.537777777777777715e+02 -8.001109239977552967e-01
9.999999999871223011e-07 3.556666666666666856e+02 -7.980214660303724949e-01
1.110008888888888989e-01 3.556666666666666856e+02 -7.829273186493566072e-01
2.220007777777777969e-01 3.556666666666666856e+02 -8.003135872284545815e-01
3.330006666666666115e-01 3.556666666666666856e+02 -8.118341612285941977e-01
4.440005555555555095e-01 3.556666666666666856e+02 -8.264003292729863448e-01
5.550004444444444074e-01 3.556666666666666856e+02 -8.205661221987242682e-01
6.660003333333333053e-01 3.556666666666666856e+02 -8.259858139219812267e-01
7.770002222222222032e-01 3.556666666666666856e+02 -8.963721417820845749e-01
8.880001111111111012e-01 3.556666666666666856e+02 -9.778382129123386335e-01
9.989999999999999991e-01 3.556666666666666856e+02 -8.459455953034966669e-01
9.999999999871223011e-07 3.575555555555555429e+02 -8.129230220647289951e-01
1.110008888888888989e-01 3.575555555555555429e+02 -8.048549632407814292e-01
2.220007777777777969e-01 3.575555555555555429e+02 -8.154306308728118680e-01
3.330006666666666115e-01 3.575555555555555429e+02 -8.268640588810490799e-01
4.440005555555555095e-01 3.575555555555555429e+02 -8.449479356936114849e-01
5.550004444444444074e-01 3.575555555555555429e+02 -8.390218796961697034e-01
6.660003333333333053e-01 3.575555555555555429e+02 -8.415773132442525561e-01
7.770002222222222032e-01 3.575555555555555429e+02 -9.116092450525650204e-01
8.880001111111111012e-01 3.575555555555555429e+02 -9.990248878061912530e-01
9.989999999999999991e-01 3.575555555555555429e+02 -8.694728826514780406e-01
9.999999999871223011e-07 3.594444444444444571e+02 -8.147625639639907158e-01
1.110008888888888989e-01 3.594444444444444571e+02 -8.066409076367583308e-01
2.220007777777777969e-01 3.594444444444444571e+02 -8.109600835185624135e-01
3.330006666666666115e-01 3.594444444444444571e+02 -8.230342420937087899e-01
4.440005555555555095e-01 3.594444444444444571e+02 -8.449051667244282804e-01
5.550004444444444074e-01 3.594444444444444571e+02 -8.402957914520154947e-01
6.660003333333333053e-01 3.594444444444444571e+02 -8.411352593720109461e-01
7.770002222222222032e-01 3.594444444444444571e+02 -9.086816732320757151e-01
8.880001111111111012e-01 3.594444444444444571e+02 -9.958893876163233960e-01
9.989999999999999991e-01 3.594444444444444571e+02 -8.703259728370510429e-01
9.999999999871223011e-07 3.613333333333333144e+02 -8.028102881934100488e-01
1.110008888888888989e-01 3.613333333333333144e+02 -7.880909496177103124e-01
2.220007777777777969e-01 3.613333333333333144e+02 -7.873214531160490637e-01
3.330006666666666115e-01 3.613333333333333144e+02 -8.007619481473734480e-01
4.440005555555555095e-01 3.613333333333333144e+02 -8.264084079547938666e-01
5.550004444444444074e-01 3.613333333333333144e+02 -8.244945665581756566e-01
6.660003333333333053e-01 3.613333333333333144e+02 -8.250321490577484651e-01
7.770002222222222032e-01 3.613333333333333144e+02 -8.883681448209564957e-01
8.880001111111111012e-01 3.613333333333333144e+02 -9.693707162654693343e-01
9.989999999999999991e-01 3.613333333333333144e+02 -8.486392336006497450e-01
9.999999999871223011e-07 3.632222222222222285e+02 -7.742218082270793111e-01
1.110008888888888989e-01 3.632222222222222285e+02 -7.491255630210300609e-01
2.220007777777777969e-01 3.632222222222222285e+02 -7.448406426266874769e-01
3.330006666666666115e-01 3.632222222222222285e+02 -7.601672668214107809e-01
4.440005555555555095e-01 3.632222222222222285e+02 -7.892019555238756201e-01
5.550004444444444074e-01 3.632222222222222285e+02 -7.910682019699024625e-01
6.660003333333333053e-01 3.632222222222222285e+02 -7.925657336937387276e-01
7.770002222222222032e-01 3.632222222222222285e+02 -8.501332356187825123e-01
8.880001111111111012e-01 3.632222222222222285e+02 -9.200554831511590370e-01
9.989999999999999991e-01 3.632222222222222285e+02 -8.049507280789462982e-01
9.999999999871223011e-07 3.651111111111110858e+02 -7.254382180378818878e-01
1.110008888888888989e-01 3.651111111111110858e+02 -6.902830107792791159e-01
2.220007777777777969e-01 3.651111111111110858e+02 -6.842333441613986933e-01
3.330006666666666115e-01 3.651111111111110858e+02 -7.016302814413079014e-01
4.440005555555555095e-01 3.651111111111110858e+02 -7.333008294428272622e-01
5.550004444444444074e-01 3.651111111111110858e+02 -7.395266131173128255e-01
6.660003333333333053e-01 3.651111111111110858e+02 -7.428015414794469917e-01
7.770002222222222032e-01 3.651111111111110858e+02 -7.932712702696342877e-01
8.880001111111111012e-01 3.651111111111110858e+02 -8.491632223455779505e-01
9.989999999999999991e-01 3.651111111111110858e+02 -7.407042324249832888e-01
9.999999999871223011e-07 3.670000000000000000e+02 -6.547154528166660992e-01
1.110008888888888989e-01 3.670000000000000000e+02 -6.131003068279312629e-01
2.220007777777777969e-01 3.670000000000000000e+02 -6.070056044965922437e-01
3.330006666666666115e-01 3.670000000000000000e+02 -6.263171814243649882e-01
4.440005555555555095e-01 3.670000000000000000e+02 -6.596168655977445727e-01
5.550004444444444074e-01 3.670000000000000000e+02 -6.701954626584275543e-01
6.660003333333333053e-01 3.670000000000000000e+02 -6.755728858054519392e-01
7.770002222222222032e-01 3.670000000000000000e+02 -7.181562079179694136e-01
8.880001111111111012e-01 3.670000000000000000e+02 -7.593005913604519153e-01
9.989999999999999991e-01 3.670000000000000000e+02 -6.584682921217227536e-01
