9.999999999871223011e-07 3.500000000000000000e+02 -4.555252616424793621e-01
1.110008888888888989e-01 3.500000000000000000e+02 -5.928679919041361934e-01
2.220007777777777969e-01 3.500000000000000000e+02 -6.272823436851917567e-01
3.330006666666666115e-01 3.500000000000000000e+02 -6.193137750891555271e-01
4.440005555555555095e-01 3.500000000000000000e+02 -5.768336647612176682e-01
5.550004444444444074e-01 3.500000000000000000e+02 -5.479732394831631215e-01
6.660003333333333053e-01 3.500000000000000000e+02 -5.642695950835285856e-01
7.770002222222222032e-01 3.500000000000000000e+02 -6.310654531349503271e-01
8.880001111111111012e-01 3.500000000000000000e+02 -6.725965193987233359e-01
9.989999999999999991e-01 3.500000000000000000e+02 -5.465877821017640636e-01
9.999999999871223011e-07 3.518888888888889142e+02 -5.225741724780860187e-01
1.110008888888888989e-01 3.518888888888889142e+02 -6.720029474971770389e-01
2.220007777777777969e-01 3.518888888888889142e+02 -7.020611437163268853e-01
3.330006666666666115e-01 3.518888888888889142e+02 -6.950599561222007283e-01
4.440005555555555095e-01 3.518888888888889142e+02 -6.521100320209032297e-01
5.550004444444444074e-01 3.518888888888889142e+02 -6.191137482533692893e-01
6.660003333333333053e-01 3.518888888888889142e+02 -6.342435997961047844e-01
7.770002222222222032e-01 3.518888888888889142e+02 -7.104307490543796400e-01
8.880001111111111012e-01 3.518888888888889142e+02 -7.672411061820996192e-01
9.989999999999999991e-01 3.518888888888889142e+02 -6.319385637859853411e-01
9.999999999871223011e-07 3.537777777777777715e+02 -5.763570694048050225e-01
1.110008888888888989e-01 3.537777777777777715e+02 -7.334280745391340561e-01
2.220007777777777969e-01 3.537777777777777715e+02 -7.579830574350321371e-01
3.330006666666666115e-01 3.537777777777777715e+02 -7.524574966291063260e-01
4.440005555555555095e-01 3.537777777777777715e+02 -7.104905856289207566e-01
5.550004444444444074e-01 3.537777777777777715e+02 -6.738676072304292664e-01
6.660003333333333053e-01 3.537777777777777715e+02 -6.868681284910068685e-01
7.770002222222222032e-01 3.537777777777777715e+02 -7.702184581102415883e-01
8.880001111111111012e-01 3.537777777777777715e+02 -8.419824492388151560e-01
9.989999999999999991e-01 3.537777777777777715e+02 -7.003374141091266436e-01
9.999999999871223011e-07 3.556666666666666856e+02 -6.174121158863067338e-01
1.110008888888888989e-01 3.556666666666666856e+02 -7.755039599583748444e-01
2.220007777777777969e-01 3.556666666666666856e+02 -7.937263661725313391e-01
3.330006666666666115e-01 3.556666666666666856e+02 -7.899946780637956412e-01
4.440005555555555095e-01 3.556666666666666856e+02 -7.504887736985399460e-01
5.550004444444444074e-01 3.556666666666666856e+02 -7.112004752992275858e-01
6.660003333333333053e-01 3.556666666666666856e+02 -7.213155670873998560e-01
7.770002222222222032e-01 3.556666666666666856e+02 -8.085023044901350486e-01
8.880001111111111012e-01 3.556666666666666856e+02 -8.922933024765987708e-01
9.989999999999999991e-01 3.556666666666666856e+02 -7.483036666774738332e-01
9.999999999871223011e-07 3.575555555555555429e+02 -6.462900159581194126e-01
1.110008888888888989e-01 3.575555555555555429e+02 -7.974264449948235134e-01
2.220007777777777969e-01 3.575555555555555429e+02 -8.091440154009028607e-01
3.330006666666666115e-01 3.575555555555555429e+02 -8.072739924435663461e-01
4.440005555555555095e-01 3.575555555555555429e+02 -7.714247080352530928e-01
5.550004444444444074e-01 3.575555555555555429e+02 -7.308090174784248605e-01
6.660003333333333053e-01 3.575555555555555429e+02 -7.377484581305790989e-01
7.770002222222222032e-01 3.575555555555555429e+02 -8.250258575695214036e-01
8.880001111111111012e-01 3.575555555555555429e+02 -9.154493909331800072e-01
9.989999999999999991e-01 3.575555555555555429e+02 -7.733043470189677748e-01
9.999999999871223011e-07 3.594444444444444571e+02 -6.626281952482467874e-01
1.110008888888888989e-01 3.594444444444444571e+02 -7.989010561367447805e-01
2.220007777777777969e-01 3.594444444444444571e+02 -8.046914788828556375e-01
3.330006666666666115e-01 3.594444444444444571e+02 -8.045595069684321476e-01
4.440005555555555095e-01 3.594444444444444571e+02 -7.731390797572991191e-01
5.550004444444444074e-01 3.594444444444444571e+02 -7.327760210153758669e-01
6.660003333333333053e-01 3.594444444444444571e+02 -7.368015168546981908e-01
7.770002222222222032e-01 3.594444444444444571e+02 -8.206891836749700131e-01
8.880001111111111012e-01 3.594444444444444571e+02 -9.110271032764851729e-01
9.989999999999999991e-01 3.594444444444444571e+02 -7.741605999040025443e-01
9.999999999871223011e-07 3.613333333333333144e+02 -6.645657440136087946e-01
1.110008888888888989e-01 3.613333333333333144e+02 -7.797276032625776176e-01
2.220007777777777969e-01 3.613333333333333144e+02 -7.807849285066515987e-01
3.330006666666666115e-01 3.613333333333333144e+02 -7.821821627606567739e-01
4.440005555555555095e-01 3.613333333333333144e+02 -7.555857032629790249e-01
5.550004444444444074e-01 3.613333333333333144e+02 -7.171409957454044637e-01
6.660003333333333053e-01 3.613333333333333144e+02 -7.189168660036991954e-01
7.770002222222222032e-01 3.613333333333333144e+02 -7.965094022464244139e-01
8.880001111111111012e-01 3.613333333333333144e+02 -8.802323461512008285e-01
9.989999999999999991e-01 3.613333333333333144e+02 -7.510048865351545144e-01
9.999999999871223011e-07 3.632222222222222285e+02 -6.488321324979693383e-01
1.110008888888888989e-01 3.632222222222222285e+02 -7.398674942876812821e-01
2.220007777777777969e-01 3.632222222222222285e+02 -7.377564946655031930e-01
3.330006666666666115e-01 3.632222222222222285e+02 -7.404712976366262245e-01
4.440005555555555095e-01 3.632222222222222285e+02 -7.188206110597183951e-01
5.550004444444444074e-01 3.632222222222222285e+02 -6.838517113708210138e-01
6.660003333333333053e-01 3.632222222222222285e+02 -6.841793668064752865e-01
7.770002222222222032e-01 3.632222222222222285e+02 -7.532280356432803359e-01
8.880001111111111012e-01 3.632222222222222285e+02 -8.253153147600653661e-01
9.989999999999999991e-01 3.632222222222222285e+02 -7.051998602963713836e-01
9.999999999871223011e-07 3.651111111111110858e+02 -6.119237126739331956e-01
1.110008888888888989e-01 3.651111111111110858e+02 -6.799699954606972518e-01
2.220007777777777969e-01 3.651111111111110858e+02 -6.763609797701598536e-01
3.330006666666666115e-01 3.651111111111110858e+02 -6.802166000784845012e-01
4.440005555555555095e-01 3.651111111111110858e+02 -6.634160097945707157e-01
5.550004444444444074e-01 3.651111111111110858e+02 -6.331498580751373506e-01
6.660003333333333053e-01 3.651111111111110858e+02 -6.327537206876352460e-01
7.770002222222222032e-01 3.651111111111110858e+02 -6.918013084435643556e-01
8.880001111111111012e-01 3.651111111111110858e+02 -7.495155322873569004e-01
9.989999999999999991e-01 3.651111111111110858e+02 -6.393051435320422637e-01
9.999999999871223011e-07 3.670000000000000000e+02 -5.521053713225665405e-01
1.110008888888888989e-01 3.670000000000000000e+02 -6.017357150273726640e-01
2.220007777777777969e-01 3.670000000000000000e+02 -5.981952441945577181e-01
3.330006666666666115e-01 3.670000000000000000e+02 -6.030462915656908951e-01
4.440005555555555095e-01 3.670000000000000000e+02 -5.907796095324565622e-01
5.550004444444444074e-01 3.670000000000000000e+02 -5.659461980404525416e-01
6.660003333333333053e-01 3.670000000000000000e+02 -5.653994448605675904e-01
7.770002222222222032e-01 3.670000000000000000e+02 -6.139312582209784930e-01
8.880001111111111012e-01 3.670000000000000000e+02 -6.568210817276629587e-01
9.989999999999999991e-01 3.670000000000000000e+02 -5.567242226030044705e-01
