9.999999999871223011e-07 3.500000000000000000e+02 3.637864723715478199e-02
1.110008888888888989e-01 3.500000000000000000e+02 -2.801228565946189963e-02
2.220007777777777969e-01 3.500000000000000000e+02 -4.553993505710274281e-02
3.330006666666666115e-01 3.500000000000000000e+02 2.787586197817415457e-02
4.440005555555555095e-01 3.500000000000000000e+02 2.775167263598332656e-02
5.550004444444444074e-01 3.500000000000000000e+02 -6.813189861834634264e-02
6.660003333333333053e-01 3.500000000000000000e+02 -1.984410465312108629e-01
7.770002222222222032e-01 3.500000000000000000e+02 -3.354340307292791312e-01
8.880001111111111012e-01 3.500000000000000000e+02 -3.752812472282384126e-01
9.989999999999999991e-01 3.500000000000000000e+02 -1.837772372833785806e-01
9.999999999871223011e-07 3.518888888888889142e+02 -1.283837045748720262e-02
1.110008888888888989e-01 3.518888888888889142e+02 -1.172031449253234658e-01
2.220007777777777969e-01 3.518888888888889142e+02 -1.387030437625561552e-01
3.330006666666666115e-01 3.518888888888889142e+02 -6.412822024035602642e-02
4.440005555555555095e-01 3.518888888888889142e+02 -5.859847522783956375e-02
5.550004444444444074e-01 3.518888888888889142e+02 -1.514635065170885087e-01
6.660003333333333053e-01 3.518888888888889142e+02 -2.826479477491523618e-01
7.770002222222222032e-01 3.518888888888889142e+02 -4.305196930561240309e-01
8.880001111111111012e-01 3.518888888888889142e+02 -4.768325956952204070e-01
9.989999999999999991e-01 3.518888888888889142e+02 -2.584737884492755988e-01
9.999999999871223011e-07 3.537777777777777715e+02 -4.946732889498667296e-02
1.110008888888888989e-01 3.537777777777777715e+02 -1.898859938300051509e-01
2.220007777777777969e-01 3.537777777777777715e+02 -2.190601503180927834e-01
3.330006666666666115e-01 3.537777777777777715e+02 -1.475159352494888054e-01
4.440005555555555095e-01 3.537777777777777715e+02 -1.347653940568378506e-01
5.550004444444444074e-01 3.537777777777777715e+02 -2.206565025517129852e-01
6.660003333333333053e-01 3.537777777777777715e+02 -3.471985278052416302e-01
7.770002222222222032e-01 3.537777777777777715e+02 -4.989875197143808228e-01
8.880001111111111012e-01 3.537777777777777715e+02 -5.483684961006901615e-01
9.989999999999999991e-01 3.537777777777777715e+02 -3.093804756073428308e-01
9.999999999871223011e-07 3.556666666666666856e+02 -7.325666228992933071e-02
1.110008888888888989e-01 3.556666666666666856e+02 -2.394964464847367802e-01
2.220007777777777969e-01 3.556666666666666856e+02 -2.803704634150058217e-01
3.330006666666666115e-01 3.556666666666666856e+02 -2.174767859724316965e-01
4.440005555555555095e-01 3.556666666666666856e+02 -1.962953610299951190e-01
5.550004444444444074e-01 3.556666666666666856e+02 -2.710913505396814749e-01
6.660003333333333053e-01 3.556666666666666856e+02 -3.868771494401129774e-01
7.770002222222222032e-01 3.556666666666666856e+02 -5.330963525094594146e-01
8.880001111111111012e-01 3.556666666666666856e+02 -5.802730452186385390e-01
9.989999999999999991e-01 3.556666666666666856e+02 -3.319852059740735495e-01
9.999999999871223011e-07 3.575555555555555429e+02 -8.419342182956829346e-02
1.110008888888888989e-01 3.575555555555555429e+02 -2.607214751058052338e-01
2.220007777777777969e-01 3.575555555555555429e+02 -3.163817661742678311e-01
3.330006666666666115e-01 3.575555555555555429e+02 -2.684296638124555878e-01
4.440005555555555095e-01 3.575555555555555429e+02 -2.385057113734337930e-01
5.550004444444444074e-01 3.575555555555555429e+02 -2.988024789375062218e-01
6.660003333333333053e-01 3.575555555555555429e+02 -3.985018695507603903e-01
7.770002222222222032e-01 3.575555555555555429e+02 -5.296409655498461877e-01
8.880001111111111012e-01 3.575555555555555429e+02 -5.687608480340572426e-01
9.989999999999999991e-01 3.575555555555555429e+02 -3.248564812177547889e-01
9.999999999871223011e-07 3.594444444444444571e+02 -8.228822209351288608e-02
1.110008888888888989e-01 3.594444444444444571e+02 -2.512296933818185529e-01
2.220007777777777969e-01 3.594444444444444571e+02 -3.225939179522744338e-01
3.330006666666666115e-01 3.594444444444444571e+02 -2.949943604109697137e-01
4.440005555555555095e-01 3.594444444444444571e+02 -2.574125031110628958e-01
5.550004444444444074e-01 3.594444444444444571e+02 -3.014934106014076631e-01
6.660003333333333053e-01 3.594444444444444571e+02 -3.819924827338352369e-01
7.770002222222222032e-01 3.594444444444444571e+02 -4.914177047795149633e-01
8.880001111111111012e-01 3.594444444444444571e+02 -5.181447714253576420e-01
9.989999999999999991e-01 3.594444444444444571e+02 -2.901594535408036357e-01
9.999999999871223011e-07 3.613333333333333144e+02 -6.742538146520887787e-02
1.110008888888888989e-01 3.613333333333333144e+02 -2.125118972624956415e-01
2.220007777777777969e-01 3.613333333333333144e+02 -2.978372901199236589e-01
3.330006666666666115e-01 3.613333333333333144e+02 -2.934593775863540976e-01
4.440005555555555095e-01 3.613333333333333144e+02 -2.508135399227926499e-01
5.550004444444444074e-01 3.613333333333333144e+02 -2.792127809045441555e-01
6.660003333333333053e-01 3.613333333333333144e+02 -3.402475209209717688e-01
7.770002222222222032e-01 3.613333333333333144e+02 -4.255308161085528118e-01
8.880001111111111012e-01 3.613333333333333144e+02 -4.383703500260951458e-01
9.989999999999999991e-01 3.613333333333333144e+02 -2.327963711599184693e-01
9.999999999871223011e-07 3.632222222222222285e+02 -3.941702263252150340e-02
1.110008888888888989e-01 3.632222222222222285e+02 -1.493420924958791529e-01
2.220007777777777969e-01 3.632222222222222285e+02 -2.447339607628836733e-01
3.330006666666666115e-01 3.632222222222222285e+02 -2.631293832929479937e-01
4.440005555555555095e-01 3.632222222222222285e+02 -2.190142274834057101e-01
5.550004444444444074e-01 3.632222222222222285e+02 -2.343169771750661656e-01
6.660003333333333053e-01 3.632222222222222285e+02 -2.780255732648087008e-01
7.770002222222222032e-01 3.632222222222222285e+02 -3.403645283170909641e-01
8.880001111111111012e-01 3.632222222222222285e+02 -3.403005977352834277e-01
9.989999999999999991e-01 3.632222222222222285e+02 -1.587406656096534974e-01
9.999999999871223011e-07 3.651111111111110858e+02 1.759351710732159901e-03
1.110008888888888989e-01 3.651111111111110858e+02 -6.818220673204511417e-02
2.220007777777777969e-01 3.651111111111110858e+02 -1.687777478805538856e-01
3.330006666666666115e-01 3.651111111111110858e+02 -2.067059217691253892e-01
4.440005555555555095e-01 3.651111111111110858e+02 -1.647738848941409096e-01
5.550004444444444074e-01 3.651111111111110858e+02 -1.707453701001729884e-01
6.660003333333333053e-01 3.651111111111110858e+02 -2.005870708415599113e-01
7.770002222222222032e-01 3.651111111111110858e+02 -2.432800940618199403e-01
8.880001111111111012e-01 3.651111111111110858e+02 -2.325569864162611022e-01
9.989999999999999991e-01 3.651111111111110858e+02 -7.354803759398353957e-02
9.999999999871223011e-07 3.670000000000000000e+02 5.570110221079394019e-02
1.110008888888888989e-01 3.670000000000000000e+02 2.451455272044589240e-02
2.220007777777777969e-01 3.670000000000000000e+02 -7.657410809117459749e-02
3.330006666666666115e-01 3.670000000000000000e+02 -1.293500339811025635e-01
4.440005555555555095e-01 3.670000000000000000e+02 -9.247882156787345931e-02
5.550004444444444074e-01 3.670000000000000000e+02 -9.300576256341486214e-02
6.660003333333333053e-01 3.670000000000000000e+02 -1.126868714353046474e-01
7.770002222222222032e-01 3.670000000000000000e+02 -1.396987073940053614e-01
8.880001111111111012e-01 3.670000000000000000e+02 -1.208169153636330373e-01
9.989999999999999991e-01 3.670000000000000000e+02 1.839069984186436635e-02
