9.999999999871223011e-07 3.500000000000000000e+02 -4.121268019474993993e-01
1.110008888888888989e-01 3.500000000000000000e+02 -3.152884734663188304e-01
2.220007777777777969e-01 3.500000000000000000e+02 -2.949387509567531485e-01
3.330006666666666115e-01 3.500000000000000000e+02 -2.832156077868108746e-01
4.440005555555555095e-01 3.500000000000000000e+02 -2.849954367784461873e-01
5.550004444444444074e-01 3.500000000000000000e+02 -2.957670706178012754e-01
6.660003333333333053e-01 3.500000000000000000e+02 -3.471675254573139968e-01
7.770002222222222032e-01 3.500000000000000000e+02 -4.521181719424590684e-01
8.880001111111111012e-01 3.500000000000000000e+02 -5.255553351977931831e-01
9.989999999999999991e-01 3.500000000000000000e+02 -3.946145209202976956e-01
9.999999999871223011e-07 3.518888888888889142e+02 -4.791436828203891052e-01
1.110008888888888989e-01 3.518888888888889142e+02 -4.002752891980493333e-01
2.220007777777777969e-01 3.518888888888889142e+02 -3.802505805000564454e-01
3.330006666666666115e-01 3.518888888888889142e+02 -3.669213723962795326e-01
4.440005555555555095e-01 3.518888888888889142e+02 -3.669629451558039657e-01
5.550004444444444074e-01 3.518888888888889142e+02 -3.735484713855413696e-01
6.660003333333333053e-01 3.518888888888889142e+02 -4.232195528005873175e-01
7.770002222222222032e-01 3.518888888888889142e+02 -5.365119196438260518e-01
8.880001111111111012e-01 3.518888888888889142e+02 -6.218900709896000301e-01
9.989999999999999991e-01 3.518888888888889142e+02 -4.734970151988654452e-01
9.999999999871223011e-07 3.537777777777777715e+02 -5.294074598560445377e-01
1.110008888888888989e-01 3.537777777777777715e+02 -4.694489278584488279e-01
2.220007777777777969e-01 3.537777777777777715e+02 -4.547037457057285792e-01
3.330006666666666115e-01 3.537777777777777715e+02 -4.397896710830205835e-01
4.440005555555555095e-01 3.537777777777777715e+02 -4.369225222196815306e-01
5.550004444444444074e-01 3.537777777777777715e+02 -4.380046508148913720e-01
6.660003333333333053e-01 3.537777777777777715e+02 -4.833917681668756794e-01
7.770002222222222032e-01 3.537777777777777715e+02 -6.005122725959164409e-01
8.880001111111111012e-01 3.537777777777777715e+02 -6.941014164039870371e-01
9.989999999999999991e-01 3.537777777777777715e+02 -5.307625683261985028e-01
9.999999999871223011e-07 3.556666666666666856e+02 -5.627699728703290383e-01
1.110008888888888989e-01 3.556666666666666856e+02 -5.183208716042201347e-01
2.220007777777777969e-01 3.556666666666666856e+02 -5.147803221961207987e-01
3.330006666666666115e-01 3.556666666666666856e+02 -4.984266364676238625e-01
4.440005555555555095e-01 3.556666666666666856e+02 -4.914886107681941674e-01
5.550004444444444074e-01 3.556666666666666856e+02 -4.861412445430948193e-01
6.660003333333333053e-01 3.556666666666666856e+02 -5.247894590335222542e-01
7.770002222222222032e-01 3.556666666666666856e+02 -6.397686325844763600e-01
8.880001111111111012e-01 3.556666666666666856e+02 -7.350302211612582681e-01
9.989999999999999991e-01 3.556666666666666856e+02 -5.620460947585105282e-01
9.999999999871223011e-07 3.575555555555555429e+02 -5.797332274831052956e-01
1.110008888888888989e-01 3.575555555555555429e+02 -5.431471621858188215e-01
2.220007777777777969e-01 3.575555555555555429e+02 -5.566393911599710753e-01
3.330006666666666115e-01 3.575555555555555429e+02 -5.391948015500329650e-01
4.440005555555555095e-01 3.575555555555555429e+02 -5.273118240852542327e-01
5.550004444444444074e-01 3.575555555555555429e+02 -5.153358502873981450e-01
6.660003333333333053e-01 3.575555555555555429e+02 -5.454548812368675836e-01
7.770002222222222032e-01 3.575555555555555429e+02 -6.520516040372783539e-01
8.880001111111111012e-01 3.575555555555555429e+02 -7.408345913642186975e-01
9.989999999999999991e-01 3.575555555555555429e+02 -5.653561970221464561e-01
9.999999999871223011e-07 3.594444444444444571e+02 -5.805049102529094007e-01
1.110008888888888989e-01 3.594444444444444571e+02 -5.418481725749856315e-01
2.220007777777777969e-01 3.594444444444444571e+02 -5.765875537141903484e-01
3.330006666666666115e-01 3.594444444444444571e+02 -5.587041582079593782e-01
4.440005555555555095e-01 3.594444444444444571e+02 -5.416233550071322123e-01
5.550004444444444074e-01 3.594444444444444571e+02 -5.237519109082710012e-01
6.660003333333333053e-01 3.594444444444444571e+02 -5.446442465843960301e-01
7.770002222222222032e-01 3.594444444444444571e+02 -6.377605079118988662e-01
8.880001111111111012e-01 3.594444444444444571e+02 -7.127650616092993108e-01
9.989999999999999991e-01 3.594444444444444571e+02 -5.417567528709493763e-01
9.999999999871223011e-07 3.613333333333333144e+02 -5.644660501774452221e-01
1.110008888888888989e-01 3.613333333333333144e+02 -5.146317753839437792e-01
2.220007777777777969e-01 3.613333333333333144e+02 -5.718307411503886772e-01
3.330006666666666115e-01 3.613333333333333144e+02 -5.545073632596678737e-01
4.440005555555555095e-01 3.613333333333333144e+02 -5.328433792778437539e-01
5.550004444444444074e-01 3.613333333333333144e+02 -5.106855580821259011e-01
6.660003333333333053e-01 3.613333333333333144e+02 -5.228054657415510675e-01
7.770002222222222032e-01 3.613333333333333144e+02 -5.993853497314896028e-01
8.880001111111111012e-01 3.613333333333333144e+02 -6.562447545598091292e-01
9.989999999999999991e-01 3.613333333333333144e+02 -4.948297490185386005e-01
9.999999999871223011e-07 3.632222222222222285e+02 -5.303767636558047727e-01
1.110008888888888989e-01 3.632222222222222285e+02 -4.639430980396505033e-01
2.220007777777777969e-01 3.632222222222222285e+02 -5.413822836504501579e-01
3.330006666666666115e-01 3.632222222222222285e+02 -5.258227247271367588e-01
4.440005555555555095e-01 3.632222222222222285e+02 -5.010338957884609146e-01
5.550004444444444074e-01 3.632222222222222285e+02 -4.767482253453816377e-01
6.660003333333333053e-01 3.632222222222222285e+02 -4.814259502569976368e-01
7.770002222222222032e-01 3.632222222222222285e+02 -5.406266685549288020e-01
8.880001111111111012e-01 3.632222222222222285e+02 -5.784167697130266905e-01
9.989999999999999991e-01 3.632222222222222285e+02 -4.294071038638569426e-01
9.999999999871223011e-07 3.651111111111110858e+02 -4.773346688778761227e-01
1.110008888888888989e-01 3.651111111111110858e+02 -3.937758035127411071e-01
2.220007777777777969e-01 3.651111111111110858e+02 -4.866580850038234596e-01
3.330006666666666115e-01 3.651111111111110858e+02 -4.739361556801544584e-01
4.440005555555555095e-01 3.651111111111110858e+02 -4.479707871408555864e-01
5.550004444444444074e-01 3.651111111111110858e+02 -4.237980716931889491e-01
6.660003333333333053e-01 3.651111111111110858e+02 -4.228336340206945154e-01
7.770002222222222032e-01 3.651111111111110858e+02 -4.656499554459468948e-01
8.880001111111111012e-01 3.651111111111110858e+02 -4.860354964954750612e-01
9.989999999999999991e-01 3.651111111111110858e+02 -3.503495673633539864e-01
9.999999999871223011e-07 3.670000000000000000e+02 -4.059153330547985439e-01
1.110008888888888989e-01 3.670000000000000000e+02 -3.087433100150350773e-01
2.220007777777777969e-01 3.670000000000000000e+02 -4.111878426840274159e-01
3.330006666666666115e-01 3.670000000000000000e+02 -4.019561328276101131e-01
4.440005555555555095e-01 3.670000000000000000e+02 -3.767490851731521984e-01
5.550004444444444074e-01 3.670000000000000000e+02 -3.545876297327440474e-01
6.660003333333333053e-01 3.670000000000000000e+02 -3.498790033406860012e-01
7.770002222222222032e-01 3.670000000000000000e+02 -3.784835197265360440e-01
8.880001111111111012e-01 3.670000000000000000e+02 -3.844340335872167280e-01
9.989999999999999991e-01 3.670000000000000000e+02 -2.617999963933362872e-01
