9.999999999871223011e-07 3.500000000000000000e+02 1.299210854678151672e-01
1.110008888888888989e-01 3.500000000000000000e+02 2.098688489498268805e-01
2.220007777777777969e-01 3.500000000000000000e+02 4.707870908004013755e-02
3.330006666666666115e-01 3.500000000000000000e+02 1.963809922633547589e-01
4.440005555555555095e-01 3.500000000000000000e+02 1.797143246119761173e-01
5.550004444444444074e-01 3.500000000000000000e+02 4.403658850024216864e-02
6.660003333333333053e-01 3.500000000000000000e+02 -1.010695510697928734e-01
7.770002222222222032e-01 3.500000000000000000e+02 -2.008166830642199585e-01
8.880001111111111012e-01 3.500000000000000000e+02 -5.459800188021746159e-02
9.989999999999999991e-01 3.500000000000000000e+02 3.130849767274579976e-01
9.999999999871223011e-07 3.518888888888889142e+02 6.574074880779240404e-02
1.110008888888888989e-01 3.518888888888889142e+02 8.281239039278842640e-02
2.220007777777777969e-01 3.518888888888889142e+02 -4.946312381265460800e-02
3.330006666666666115e-01 3.518888888888889142e+02 9.937469947218396937e-02
4.440005555555555095e-01 3.518888888888889142e+02 8.155123843330153166e-02
5.550004444444444074e-01 3.518888888888889142e+02 -2.391459956144403876e-02
6.660003333333333053e-01 3.518888888888889142e+02 -1.558726697566795716e-01
7.770002222222222032e-01 3.518888888888889142e+02 -3.039852024597988756e-01
8.880001111111111012e-01 3.518888888888889142e+02 -2.035529344315410993e-01
9.989999999999999991e-01 3.518888888888889142e+02 2.013376716211656148e-01
9.999999999871223011e-07 3.537777777777777715e+02 1.544870102340351048e-02
1.110008888888888989e-01 3.537777777777777715e+02 -2.216233306543047288e-02
2.220007777777777969e-01 3.537777777777777715e+02 -1.203780138998785665e-01
3.330006666666666115e-01 3.537777777777777715e+02 2.557314696379908714e-02
4.440005555555555095e-01 3.537777777777777715e+02 1.503816707632876781e-02
5.550004444444444074e-01 3.537777777777777715e+02 -4.528625425665844251e-02
6.660003333333333053e-01 3.537777777777777715e+02 -1.524034435965693213e-01
7.770002222222222032e-01 3.537777777777777715e+02 -3.461355237407571783e-01
8.880001111111111012e-01 3.537777777777777715e+02 -3.278802200198734917e-01
9.989999999999999991e-01 3.537777777777777715e+02 9.644146535659559039e-02
9.999999999871223011e-07 3.556666666666666856e+02 -1.968896457911678555e-02
1.110008888888888989e-01 3.556666666666666856e+02 -8.891183658402035395e-02
2.220007777777777969e-01 3.556666666666666856e+02 -1.558121089621530286e-01
3.330006666666666115e-01 3.556666666666666856e+02 -1.512758961590210394e-02
4.440005555555555095e-01 3.556666666666666856e+02 -8.588587908289424533e-03
5.550004444444444074e-01 3.556666666666666856e+02 -1.656548452580741682e-02
6.660003333333333053e-01 3.556666666666666856e+02 -9.226711779184315620e-02
7.770002222222222032e-01 3.556666666666666856e+02 -3.151547303282701273e-01
8.880001111111111012e-01 3.556666666666666856e+02 -4.054430110054951797e-01
9.989999999999999991e-01 3.556666666666666856e+02 5.230747794782719673e-03
9.999999999871223011e-07 3.575555555555555429e+02 -3.877215678372203378e-02
1.110008888888888989e-01 3.575555555555555429e+02 -1.041435605136797893e-01
2.220007777777777969e-01 3.575555555555555429e+02 -1.500228627194134523e-01
3.330006666666666115e-01 3.575555555555555429e+02 -1.580632834670947506e-02
4.440005555555555095e-01 3.575555555555555429e+02 1.461497655156429598e-02
5.550004444444444074e-01 3.575555555555555429e+02 5.575353948235711732e-02
6.660003333333333053e-01 3.575555555555555429e+02 9.430003914735696213e-03
7.770002222222222032e-01 3.575555555555555429e+02 -2.223467433262285020e-01
8.880001111111111012e-01 3.575555555555555429e+02 -4.180766431255339421e-01
9.989999999999999991e-01 3.575555555555555429e+02 -6.358354740555616225e-02
9.999999999871223011e-07 3.594444444444444571e+02 -4.107567767737174691e-02
1.110008888888888989e-01 3.594444444444444571e+02 -6.454296120457125863e-02
2.220007777777777969e-01 3.594444444444444571e+02 -1.038419830151035006e-01
3.330006666666666115e-01 3.594444444444444571e+02 2.408301423741132652e-02
4.440005555555555095e-01 3.594444444444444571e+02 7.954169540999139754e-02
5.550004444444444074e-01 3.594444444444444571e+02 1.584544171014456992e-01
6.660003333333333053e-01 3.594444444444444571e+02 1.341664027403757231e-01
7.770002222222222032e-01 3.594444444444444571e+02 -9.279921042871153158e-02
8.880001111111111012e-01 3.594444444444444571e+02 -3.633654327859304756e-01
9.989999999999999991e-01 3.594444444444444571e+02 -1.010050691207748930e-01
9.999999999871223011e-07 3.613333333333333144e+02 -2.590966052438764544e-02
1.110008888888888989e-01 3.613333333333333144e+02 2.134212469162066750e-02
2.220007777777777969e-01 3.613333333333333144e+02 -2.423818701600977121e-02
3.330006666666666115e-01 3.613333333333333144e+02 9.823334080386952882e-02
4.440005555555555095e-01 3.613333333333333144e+02 1.752236648395512630e-01
5.550004444444444074e-01 3.613333333333333144e+02 2.778836077646954505e-01
6.660003333333333053e-01 3.613333333333333144e+02 2.675497883151671807e-01
7.770002222222222032e-01 3.613333333333333144e+02 5.157799003649532477e-02
8.880001111111111012e-01 3.613333333333333144e+02 -2.570938187806636188e-01
9.989999999999999991e-01 3.613333333333333144e+02 -1.009495683498725649e-01
9.999999999871223011e-07 3.632222222222222285e+02 7.176906638067526156e-03
1.110008888888888989e-01 3.632222222222222285e+02 1.377340379998695519e-01
2.220007777777777969e-01 3.632222222222222285e+02 7.861166507213124266e-02
3.330006666666666115e-01 3.632222222222222285e+02 1.965481833465209105e-01
4.440005555555555095e-01 3.632222222222222285e+02 2.893229440848053002e-01
5.550004444444444074e-01 3.632222222222222285e+02 4.036916031863876375e-01
6.660003333333333053e-01 3.632222222222222285e+02 4.005950247125303898e-01
7.770002222222222032e-01 3.632222222222222285e+02 1.972361062035408175e-01
8.880001111111111012e-01 3.632222222222222285e+02 -1.221912370003531700e-01
9.989999999999999991e-01 3.632222222222222285e+02 -6.331880430978664709e-02
9.999999999871223011e-07 3.651111111111110858e+02 5.790797894249521960e-02
1.110008888888888989e-01 3.651111111111110858e+02 2.690135547096509372e-01
2.220007777777777969e-01 3.651111111111110858e+02 1.948941412640531889e-01
3.330006666666666115e-01 3.651111111111110858e+02 3.090023546166524859e-01
4.440005555555555095e-01 3.651111111111110858e+02 4.117851466772591840e-01
5.550004444444444074e-01 3.651111111111110858e+02 5.292053276284452989e-01
6.660003333333333053e-01 3.651111111111110858e+02 5.284309185750577509e-01
7.770002222222222032e-01 3.651111111111110858e+02 3.372785425201671461e-01
8.880001111111111012e-01 3.651111111111110858e+02 2.323926288030608855e-02
9.989999999999999991e-01 3.651111111111110858e+02 6.047723485719691539e-03
9.999999999871223011e-07 3.670000000000000000e+02 1.249336498316845345e-01
1.110008888888888989e-01 3.670000000000000000e+02 4.035366668084239272e-01
2.220007777777777969e-01 3.670000000000000000e+02 3.170646237586271510e-01
3.330006666666666115e-01 3.670000000000000000e+02 4.277572685187057133e-01
4.440005555555555095e-01 3.670000000000000000e+02 5.357808446735863317e-01
5.550004444444444074e-01 3.670000000000000000e+02 6.505337352928109995e-01
6.660003333333333053e-01 3.670000000000000000e+02 6.487770068992867456e-01
7.770002222222222032e-01 3.670000000000000000e+02 4.688050514427219428e-01
8.880001111111111012e-01 3.670000000000000000e+02 1.686371243229758399e-01
9.989999999999999991e-01 3.670000000000000000e+02 9.839552219117908560e-02
