9.999999999871223011e-07 3.500000000000000000e+02 -6.596348842125833167e-01
1.110008888888888989e-01 3.500000000000000000e+02 -6.994544249813764436e-01
2.220007777777777969e-01 3.500000000000000000e+02 -6.815935203407474940e-01
3.330006666666666115e-01 3.500000000000000000e+02 -6.698304657346521029e-01
4.440005555555555095e-01 3.500000000000000000e+02 -6.734987076750459378e-01
5.550004444444444074e-01 3.500000000000000000e+02 -6.724910880163582627e-01
6.660003333333333053e-01 3.500000000000000000e+02 -6.942035563954334076e-01
7.770002222222222032e-01 3.500000000000000000e+02 -7.659932648682777900e-01
8.880001111111111012e-01 3.500000000000000000e+02 -8.318500754092832405e-01
9.989999999999999991e-01 3.500000000000000000e+02 -7.294745085964189357e-01
9.999999999871223011e-07 3.518888888888889142e+02 -7.250080243422591941e-01
1.110008888888888989e-01 3.518888888888889142e+02 -7.788998590077570450e-01
2.220007777777777969e-01 3.518888888888889142e+02 -7.578979126114202547e-01
3.330006666666666115e-01 3.518888888888889142e+02 -7.468791884020136163e-01
4.440005555555555095e-01 3.518888888888889142e+02 -7.502290371506243893e-01
5.550004444444444074e-01 3.518888888888889142e+02 -7.435283193467310259e-01
6.660003333333333053e-01 3.518888888888889142e+02 -7.613023218559250571e-01
7.770002222222222032e-01 3.518888888888889142e+02 -8.399525512039381914e-01
8.880001111111111012e-01 3.518888888888889142e+02 -9.226749757159866672e-01
9.989999999999999991e-01 3.518888888888889142e+02 -8.151891746790134174e-01
9.999999999871223011e-07 3.537777777777777715e+02 -7.713767270875058202e-01
1.110008888888888989e-01 3.537777777777777715e+02 -8.398504434420557274e-01
2.220007777777777969e-01 3.537777777777777715e+02 -8.173496151664487730e-01
3.330006666666666115e-01 3.537777777777777715e+02 -8.078028935696650592e-01
4.440005555555555095e-01 3.537777777777777715e+02 -8.102780387170742671e-01
5.550004444444444074e-01 3.537777777777777715e+02 -7.972420355509788337e-01
6.660003333333333053e-01 3.537777777777777715e+02 -8.099599084307639307e-01
7.770002222222222032e-01 3.537777777777777715e+02 -8.929210469981093690e-01
8.880001111111111012e-01 3.537777777777777715e+02 -9.909795688786009471e-01
9.989999999999999991e-01 3.537777777777777715e+02 -8.814594191560389813e-01
9.999999999871223011e-07 3.556666666666666856e+02 -8.008896686900708328e-01
1.110008888888888989e-01 3.556666666666666856e+02 -8.815934512312407767e-01
2.220007777777777969e-01 3.556666666666666856e+02 -8.593656494997548023e-01
3.330006666666666115e-01 3.556666666666666856e+02 -8.518741257879007822e-01
4.440005555555555095e-01 3.556666666666666856e+02 -8.529518518257158677e-01
5.550004444444444074e-01 3.556666666666666856e+02 -8.336255928662111847e-01
6.660003333333333053e-01 3.556666666666666856e+02 -8.408424216423673325e-01
7.770002222222222032e-01 3.556666666666666856e+02 -9.252095127156571008e-01
8.880001111111111012e-01 3.556666666666666856e+02 -1.034561039042197095e+00
9.989999999999999991e-01 3.556666666666666856e+02 -9.260843937125435854e-01
9.999999999871223011e-07 3.575555555555555429e+02 -8.162857393485739577e-01
1.110008888888888989e-01 3.575555555555555429e+02 -9.043501493833875360e-01
2.220007777777777969e-01 3.575555555555555429e+02 -8.840890604462855462e-01
3.330006666666666115e-01 3.575555555555555429e+02 -8.789884062561494904e-01
4.440005555555555095e-01 3.575555555555555429e+02 -8.782608472395428967e-01
5.550004444444444074e-01 3.575555555555555429e+02 -8.534399477792503630e-01
6.660003333333333053e-01 3.575555555555555429e+02 -8.556053374330663264e-01
7.770002222222222032e-01 3.575555555555555429e+02 -9.388938450714333639e-01
8.880001111111111012e-01 3.575555555555555429e+02 -1.053890749898841239e+00
9.989999999999999991e-01 3.575555555555555429e+02 -9.484647481698076366e-01
9.999999999871223011e-07 3.594444444444444571e+02 -8.189998571007706119e-01
1.110008888888888989e-01 3.594444444444444571e+02 -9.084814221686090541e-01
2.220007777777777969e-01 3.594444444444444571e+02 -8.915345194571892007e-01
3.330006666666666115e-01 3.594444444444444571e+02 -8.889239803223545344e-01
4.440005555555555095e-01 3.594444444444444571e+02 -8.862377749686758399e-01
5.550004444444444074e-01 3.594444444444444571e+02 -8.574200713603898905e-01
6.660003333333333053e-01 3.594444444444444571e+02 -8.557827547364886822e-01
7.770002222222222032e-01 3.594444444444444571e+02 -9.362286565549706729e-01
8.880001111111111012e-01 3.594444444444444571e+02 -1.050753111523702543e+00
9.989999999999999991e-01 3.594444444444444571e+02 -9.489600332224581436e-01
9.999999999871223011e-07 3.613333333333333144e+02 -8.082871908420670160e-01
1.110008888888888989e-01 3.613333333333333144e+02 -8.935714177629067168e-01
2.220007777777777969e-01 3.613333333333333144e+02 -8.808259203035604390e-01
3.330006666666666115e-01 3.613333333333333144e+02 -8.806253093527458553e-01
4.440005555555555095e-01 3.613333333333333144e+02 -8.761903734613352146e-01
5.550004444444444074e-01 3.613333333333333144e+02 -8.454386783293971197e-01
6.660003333333333053e-01 3.613333333333333144e+02 -8.416929426086690036e-01
7.770002222222222032e-01 3.613333333333333144e+02 -9.179217958466409089e-01
8.880001111111111012e-01 3.613333333333333144e+02 -1.026052062667535791e+00
9.989999999999999991e-01 3.613333333333333144e+02 -9.277577841256497981e-01
9.999999999871223011e-07 3.632222222222222285e+02 -7.812902910986185834e-01
1.110008888888888989e-01 3.632222222222222285e+02 -8.584532420098953676e-01
2.220007777777777969e-01 3.632222222222222285e+02 -8.503394043309202566e-01
3.330006666666666115e-01 3.632222222222222285e+02 -8.523384650908674143e-01
4.440005555555555095e-01 3.632222222222222285e+02 -8.467461199068885280e-01
5.550004444444444074e-01 3.632222222222222285e+02 -8.164358265125285508e-01
6.660003333333333053e-01 3.632222222222222285e+02 -8.122926117619770903e-01
7.770002222222222032e-01 3.632222222222222285e+02 -8.828859856038160370e-01
8.880001111111111012e-01 3.632222222222222285e+02 -9.794249887707010549e-01
9.989999999999999991e-01 3.632222222222222285e+02 -8.847509999139095971e-01
9.999999999871223011e-07 3.651111111111110858e+02 -7.343584101536584363e-01
1.110008888888888989e-01 3.651111111111110858e+02 -8.022691718990128118e-01
2.220007777777777969e-01 3.651111111111110858e+02 -7.988117490449671010e-01
3.330006666666666115e-01 3.651111111111110858e+02 -8.027115967634891325e-01
4.440005555555555095e-01 3.651111111111110858e+02 -7.968129768518177336e-01
5.550004444444444074e-01 3.651111111111110858e+02 -7.692315934217464068e-01
6.660003333333333053e-01 3.651111111111110858e+02 -7.660756942895285970e-01
7.770002222222222032e-01 3.651111111111110858e+02 -8.295770640536529461e-01
8.880001111111111012e-01 3.651111111111110858e+02 -9.108610080430118439e-01
9.989999999999999991e-01 3.651111111111110858e+02 -8.205424424178996423e-01
9.999999999871223011e-07 3.670000000000000000e+02 -6.655002277761812302e-01
1.110008888888888989e-01 3.670000000000000000e+02 -7.255038379509626267e-01
2.220007777777777969e-01 3.670000000000000000e+02 -7.264930897788794972e-01
3.330006666666666115e-01 3.670000000000000000e+02 -7.319264978599095972e-01
4.440005555555555095e-01 3.670000000000000000e+02 -7.265622072591695346e-01
5.550004444444444074e-01 3.670000000000000000e+02 -7.034743879102605124e-01
6.660003333333333053e-01 3.670000000000000000e+02 -7.022170405470516963e-01
7.770002222222222032e-01 3.670000000000000000e+02 -7.575369586431087709e-01
8.880001111111111012e-01 3.670000000000000000e+02 -8.221236829398763657e-01
9.989999999999999991e-01 3.670000000000000000e+02 -7.371993819501257983e-01
