9.999999999871223011e-07 3.500000000000000000e+02 -4.228273921911421263e-01
1.110008888888888989e-01 3.500000000000000000e+02 -4.362919391658298673e-01
2.220007777777777969e-01 3.500000000000000000e+02 -3.987221981448790808e-01
3.330006666666666115e-01 3.500000000000000000e+02 -4.722280273871543033e-01
4.440005555555555095e-01 3.500000000000000000e+02 -5.058482148547903678e-01
5.550004444444444074e-01 3.500000000000000000e+02 -4.997444656375145122e-01
6.660003333333333053e-01 3.500000000000000000e+02 -5.115467376996819526e-01
7.770002222222222032e-01 3.500000000000000000e+02 -5.617823581155703128e-01
8.880001111111111012e-01 3.500000000000000000e+02 -5.705060800095388407e-01
9.989999999999999991e-01 3.500000000000000000e+02 -4.109156671044283948e-01
9.999999999871223011e-07 3.518888888888889142e+02 -4.868977269707867594e-01
1.110008888888888989e-01 3.518888888888889142e+02 -5.178117395453779581e-01
2.220007777777777969e-01 3.518888888888889142e+02 -4.764756260371305618e-01
3.330006666666666115e-01 3.518888888888889142e+02 -5.485456969150380724e-01
4.440005555555555095e-01 3.518888888888889142e+02 -5.776716944844225710e-01
5.550004444444444074e-01 3.518888888888889142e+02 -5.661615305319436242e-01
6.660003333333333053e-01 3.518888888888889142e+02 -5.780687926376537611e-01
7.770002222222222032e-01 3.518888888888889142e+02 -6.409740635982033030e-01
8.880001111111111012e-01 3.518888888888889142e+02 -6.668434223788587412e-01
9.989999999999999991e-01 3.518888888888889142e+02 -4.965328804893630599e-01
9.999999999871223011e-07 3.537777777777777715e+02 -5.348857808455029783e-01
1.110008888888888989e-01 3.537777777777777715e+02 -5.824844434594920184e-01
2.220007777777777969e-01 3.537777777777777715e+02 -5.402190321736127787e-01
3.330006666666666115e-01 3.537777777777777715e+02 -6.071974460446584176e-01
4.440005555555555095e-01 3.537777777777777715e+02 -6.289450677440678872e-01
5.550004444444444074e-01 3.537777777777777715e+02 -6.117401935872414098e-01
6.660003333333333053e-01 3.537777777777777715e+02 -6.233468274480599147e-01
7.770002222222222032e-01 3.537777777777777715e+02 -6.977502707885961941e-01
8.880001111111111012e-01 3.537777777777777715e+02 -7.429294935599465299e-01
9.989999999999999991e-01 3.537777777777777715e+02 -5.666785708089541185e-01
9.999999999871223011e-07 3.556666666666666856e+02 -5.669300527497058706e-01
1.110008888888888989e-01 3.556666666666666856e+02 -6.269010432943761257e-01
2.220007777777777969e-01 3.556666666666666856e+02 -5.871758537255484800e-01
3.330006666666666115e-01 3.556666666666666856e+02 -6.452721169918379518e-01
4.440005555555555095e-01 3.556666666666666856e+02 -6.573243214855901684e-01
5.550004444444444074e-01 3.556666666666666856e+02 -6.349862980565076365e-01
6.660003333333333053e-01 3.556666666666666856e+02 -6.460498679844105530e-01
7.770002222222222032e-01 3.556666666666666856e+02 -7.290576745747971987e-01
8.880001111111111012e-01 3.556666666666666856e+02 -7.927674003978992801e-01
9.989999999999999991e-01 3.556666666666666856e+02 -6.171506873830339135e-01
9.999999999871223011e-07 3.575555555555555429e+02 -5.836601376568807398e-01
1.110008888888888989e-01 3.575555555555555429e+02 -6.484885316633827168e-01
2.220007777777777969e-01 3.575555555555555429e+02 -6.148736184619624234e-01
3.330006666666666115e-01 3.575555555555555429e+02 -6.609990582543119331e-01
4.440005555555555095e-01 3.575555555555555429e+02 -6.622436046820423527e-01
5.550004444444444074e-01 3.575555555555555429e+02 -6.361650731531318659e-01
6.660003333333333053e-01 3.575555555555555429e+02 -6.467683174996916584e-01
7.770002222222222032e-01 3.575555555555555429e+02 -7.343896220765081528e-01
8.880001111111111012e-01 3.575555555555555429e+02 -8.122596274751722190e-01
9.989999999999999991e-01 3.575555555555555429e+02 -6.443989755186464441e-01
9.999999999871223011e-07 3.594444444444444571e+02 -5.853168793826306615e-01
1.110008888888888989e-01 3.594444444444444571e+02 -6.460073002702356737e-01
2.220007777777777969e-01 3.594444444444444571e+02 -6.213995368822320398e-01
3.330006666666666115e-01 3.594444444444444571e+02 -6.539915356977714644e-01
4.440005555555555095e-01 3.594444444444444571e+02 -6.448832791969218992e-01
5.550004444444444074e-01 3.594444444444444571e+02 -6.169989681632064293e-01
6.660003333333333053e-01 3.594444444444444571e+02 -6.275051367168571481e-01
7.770002222222222032e-01 3.594444444444444571e+02 -7.155655602451267416e-01
8.880001111111111012e-01 3.594444444444444571e+02 -8.006390745667659736e-01
9.989999999999999991e-01 3.594444444444444571e+02 -6.463648393709833240e-01
9.999999999871223011e-07 3.613333333333333144e+02 -5.712489760962415897e-01
1.110008888888888989e-01 3.613333333333333144e+02 -6.197626406318847980e-01
2.220007777777777969e-01 3.613333333333333144e+02 -6.057119520451813566e-01
3.330006666666666115e-01 3.613333333333333144e+02 -6.251197474897883799e-01
4.440005555555555095e-01 3.613333333333333144e+02 -6.075459516541535931e-01
5.550004444444444074e-01 3.613333333333333144e+02 -5.799165251987666858e-01
6.660003333333333053e-01 3.613333333333333144e+02 -5.907461131749450756e-01
7.770002222222222032e-01 3.613333333333333144e+02 -6.755433701507860267e-01
8.880001111111111012e-01 3.613333333333333144e+02 -7.603438160012592206e-01
9.989999999999999991e-01 3.613333333333333144e+02 -6.229784476789493874e-01
9.999999999871223011e-07 3.632222222222222285e+02 -5.400942251559170959e-01
1.110008888888888989e-01 3.632222222222222285e+02 -5.715076301525895408e-01
2.220007777777777969e-01 3.632222222222222285e+02 -5.680194744331403811e-01
3.330006666666666115e-01 3.632222222222222285e+02 -5.762604357177456560e-01
4.440005555555555095e-01 3.632222222222222285e+02 -5.529903401789315609e-01
5.550004444444444074e-01 3.632222222222222285e+02 -5.274310023586492591e-01
6.660003333333333053e-01 3.632222222222222285e+02 -5.388535242139012027e-01
7.770002222222222032e-01 3.632222222222222285e+02 -6.174901863257611367e-01
8.880001111111111012e-01 3.632222222222222285e+02 -6.958971291185404029e-01
9.989999999999999991e-01 3.632222222222222285e+02 -5.761758360427479131e-01
9.999999999871223011e-07 3.651111111111110858e+02 -4.906679385190075848e-01
1.110008888888888989e-01 3.651111111111110858e+02 -5.041229805600891956e-01
2.220007777777777969e-01 3.651111111111110858e+02 -5.099941330343630286e-01
3.330006666666666115e-01 3.651111111111110858e+02 -5.100365269480162667e-01
4.440005555555555095e-01 3.651111111111110858e+02 -4.840335979187697646e-01
5.550004444444444074e-01 3.651111111111110858e+02 -4.618885371886949365e-01
6.660003333333333053e-01 3.651111111111110858e+02 -4.739575854758197870e-01
7.770002222222222032e-01 3.651111111111110858e+02 -5.444996058978432973e-01
8.880001111111111012e-01 3.651111111111110858e+02 -6.126614682226521058e-01
9.989999999999999991e-01 3.651111111111110858e+02 -5.094344188189020572e-01
9.999999999871223011e-07 3.670000000000000000e+02 -4.230694531275644987e-01
1.110008888888888989e-01 3.670000000000000000e+02 -4.211582443055599256e-01
2.220007777777777969e-01 3.670000000000000000e+02 -4.345151325345034676e-01
3.330006666666666115e-01 3.670000000000000000e+02 -4.294871688445428548e-01
4.440005555555555095e-01 3.670000000000000000e+02 -4.033591904314448584e-01
5.550004444444444074e-01 3.670000000000000000e+02 -3.854324415564828188e-01
6.660003333333333053e-01 3.670000000000000000e+02 -3.980409557635140594e-01
7.770002222222222032e-01 3.670000000000000000e+02 -4.595265366269626339e-01
8.880001111111111012e-01 3.670000000000000000e+02 -5.157919853185708448e-01
9.989999999999999991e-01 3.670000000000000000e+02 -4.269285153415991463e-01
