9.999999999871223011e-07 3.500000000000000000e+02 -4.530288482187727617e-01
1.110008888888888989e-01 3.500000000000000000e+02 -5.893905861321524497e-01
2.220007777777777969e-01 3.500000000000000000e+02 -6.227572650585373459e-01
3.330006666666666115e-01 3.500000000000000000e+02 -6.162751961607493278e-01
4.440005555555555095e-01 3.500000000000000000e+02 -5.746288326191248963e-01
5.550004444444444074e-01 3.500000000000000000e+02 -5.459553646411796635e-01
6.660003333333333053e-01 3.500000000000000000e+02 -5.620538892596571579e-01
7.770002222222222032e-01 3.500000000000000000e+02 -6.291054864901066690e-01
8.880001111111111012e-01 3.500000000000000000e+02 -6.718159509177654698e-01
9.989999999999999991e-01 3.500000000000000000e+02 -5.462027116697939499e-01
9.999999999871223011e-07 3.518888888888889142e+02 -5.211047781864028838e-01
1.110008888888888989e-01 3.518888888888889142e+02 -6.672458805080289101e-01
2.220007777777777969e-01 3.518888888888889142e+02 -6.979008208940149505e-01
3.330006666666666115e-01 3.518888888888889142e+02 -6.919394009205211971e-01
4.440005555555555095e-01 3.518888888888889142e+02 -6.499761607068180735e-01
5.550004444444444074e-01 3.518888888888889142e+02 -6.172357183245578138e-01
6.660003333333333053e-01 3.518888888888889142e+02 -6.320319687671838160e-01
7.770002222222222032e-01 3.518888888888889142e+02 -7.083297209814265472e-01
8.880001111111111012e-01 3.518888888888889142e+02 -7.663974852239671121e-01
9.989999999999999991e-01 3.518888888888889142e+02 -6.315681240062345214e-01
9.999999999871223011e-07 3.537777777777777715e+02 -5.758153642760917013e-01
1.110008888888888989e-01 3.537777777777777715e+02 -7.260107008882508151e-01
2.220007777777777969e-01 3.537777777777777715e+02 -7.543933902862596241e-01
3.330006666666666115e-01 3.537777777777777715e+02 -7.493821882317561744e-01
4.440005555555555095e-01 3.537777777777777715e+02 -7.084786332859601687e-01
5.550004444444444074e-01 3.537777777777777715e+02 -6.721702774044550077e-01
6.660003333333333053e-01 3.537777777777777715e+02 -6.847035086751082078e-01
7.770002222222222032e-01 3.537777777777777715e+02 -7.680107942227318851e-01
8.880001111111111012e-01 3.537777777777777715e+02 -8.410923104824870045e-01
9.989999999999999991e-01 3.537777777777777715e+02 -7.000037248799217959e-01
9.999999999871223011e-07 3.556666666666666856e+02 -6.174661722219658699e-01
1.110008888888888989e-01 3.556666666666666856e+02 -7.638022379426875341e-01
2.220007777777777969e-01 3.556666666666666856e+02 -7.908105853249548511e-01
3.330006666666666115e-01 3.556666666666666856e+02 -7.870639699166610548e-01
4.440005555555555095e-01 3.556666666666666856e+02 -7.486201350084124018e-01
5.550004444444444074e-01 3.556666666666666856e+02 -7.096930414266219289e-01
6.660003333333333053e-01 3.556666666666666856e+02 -7.192247855667460721e-01
7.770002222222222032e-01 3.556666666666666856e+02 -8.062251570267243705e-01
8.880001111111111012e-01 3.556666666666666856e+02 -8.913677691170912576e-01
9.989999999999999991e-01 3.556666666666666856e+02 -7.480168644028183378e-01
9.999999999871223011e-07 3.575555555555555429e+02 -6.463870484422040708e-01
1.110008888888888989e-01 3.575555555555555429e+02 -7.798687365141941941e-01
2.220007777777777969e-01 3.575555555555555429e+02 -8.068725673976607782e-01
3.330006666666666115e-01 3.575555555555555429e+02 -8.045407068462864242e-01
4.440005555555555095e-01 3.575555555555555429e+02 -7.696832666402574352e-01
5.550004444444444074e-01 3.575555555555555429e+02 -7.294632216275772629e-01
6.660003333333333053e-01 3.575555555555555429e+02 -7.357362507463649504e-01
7.770002222222222032e-01 3.575555555555555429e+02 -8.227137899702108292e-01
8.880001111111111012e-01 3.575555555555555429e+02 -9.144918668121152505e-01
9.989999999999999991e-01 3.575555555555555429e+02 -7.730583774132037123e-01
9.999999999871223011e-07 3.594444444444444571e+02 -6.620478118764457909e-01
1.110008888888888989e-01 3.594444444444444571e+02 -7.743570137488742233e-01
2.220007777777777969e-01 3.594444444444444571e+02 -8.029058561770133773e-01
3.330006666666666115e-01 3.594444444444444571e+02 -8.020325968028084729e-01
4.440005555555555095e-01 3.594444444444444571e+02 -7.714782109035349666e-01
5.550004444444444074e-01 3.594444444444444571e+02 -7.315324665281839334e-01
6.660003333333333053e-01 3.594444444444444571e+02 -7.348526267971191572e-01
7.770002222222222032e-01 3.594444444444444571e+02 -8.183724436401581537e-01
8.880001111111111012e-01 3.594444444444444571e+02 -9.100363334096408519e-01
9.989999999999999991e-01 3.594444444444444571e+02 -7.739349204171762642e-01
9.999999999871223011e-07 3.613333333333333144e+02 -6.625127785139782732e-01
1.110008888888888989e-01 3.613333333333333144e+02 -7.478926331940349836e-01
2.220007777777777969e-01 3.613333333333333144e+02 -7.792387209283735405e-01
3.330006666666666115e-01 3.613333333333333144e+02 -7.798450973312804901e-01
4.440005555555555095e-01 3.613333333333333144e+02 -7.539500849048266229e-01
5.550004444444444074e-01 3.613333333333333144e+02 -7.159292837720717673e-01
6.660003333333333053e-01 3.613333333333333144e+02 -7.170086184450860101e-01
7.770002222222222032e-01 3.613333333333333144e+02 -7.942191441703573274e-01
8.880001111111111012e-01 3.613333333333333144e+02 -8.792128037253300610e-01
9.989999999999999991e-01 3.613333333333333144e+02 -7.507741724505524461e-01
9.999999999871223011e-07 3.632222222222222285e+02 -6.445909492053554235e-01
1.110008888888888989e-01 3.632222222222222285e+02 -7.014634534388733966e-01
2.220007777777777969e-01 3.632222222222222285e+02 -7.361812563942571330e-01
3.330006666666666115e-01 3.632222222222222285e+02 -7.382988194698124618e-01
4.440005555555555095e-01 3.632222222222222285e+02 -7.171691632954072526e-01
5.550004444444444074e-01 3.632222222222222285e+02 -6.826143567442334303e-01
6.660003333333333053e-01 3.632222222222222285e+02 -6.822971506756625448e-01
7.770002222222222032e-01 3.632222222222222285e+02 -7.510009400474817465e-01
8.880001111111111012e-01 3.632222222222222285e+02 -8.242844398360055225e-01
9.989999999999999991e-01 3.632222222222222285e+02 -7.049461268084371568e-01
9.999999999871223011e-07 3.651111111111110858e+02 -6.050887824765526224e-01
1.110008888888888989e-01 3.651111111111110858e+02 -6.366139749224747346e-01
2.220007777777777969e-01 3.651111111111110858e+02 -6.745391708773748052e-01
3.330006666666666115e-01 3.651111111111110858e+02 -6.781823304804852626e-01
4.440005555555555095e-01 3.651111111111110858e+02 -6.617333681517655330e-01
5.550004444444444074e-01 3.651111111111110858e+02 -6.318575669583628152e-01
6.660003333333333053e-01 3.651111111111110858e+02 -6.308997607191579871e-01
7.770002222222222032e-01 3.651111111111110858e+02 -6.896772509695654474e-01
8.880001111111111012e-01 3.651111111111110858e+02 -7.485006223877777032e-01
9.989999999999999991e-01 3.651111111111110858e+02 -6.390246170975469875e-01
9.999999999871223011e-07 3.670000000000000000e+02 -5.427649818299398188e-01
1.110008888888888989e-01 3.670000000000000000e+02 -5.555447017449715030e-01
2.220007777777777969e-01 3.670000000000000000e+02 -5.960117413439909306e-01
3.330006666666666115e-01 3.670000000000000000e+02 -6.011276529269388158e-01
4.440005555555555095e-01 3.670000000000000000e+02 -5.890760655650075783e-01
5.550004444444444074e-01 3.670000000000000000e+02 -5.646005261772241157e-01
6.660003333333333053e-01 3.670000000000000000e+02 -5.635924384613312244e-01
7.770002222222222032e-01 3.670000000000000000e+02 -6.119470832006680405e-01
8.880001111111111012e-01 3.670000000000000000e+02 -6.558515757211306196e-01
9.989999999999999991e-01 3.670000000000000000e+02 -5.564268290128699945e-01
