9.999999999871223011e-07 3.500000000000000000e+02 -6.573386638697734652e-01
1.110008888888888989e-01 3.500000000000000000e+02 -6.924201524916697714e-01
2.220007777777777969e-01 3.500000000000000000e+02 -6.732589640177543133e-01
3.330006666666666115e-01 3.500000000000000000e+02 -6.584892504865684781e-01
4.440005555555555095e-01 3.500000000000000000e+02 -6.649741434108540350e-01
5.550004444444444074e-01 3.500000000000000000e+02 -6.640893721840951391e-01
6.660003333333333053e-01 3.500000000000000000e+02 -6.786064850106801050e-01
7.770002222222222032e-01 3.500000000000000000e+02 -7.339629057250122157e-01
8.880001111111111012e-01 3.500000000000000000e+02 -7.715477790292766258e-01
9.989999999999999991e-01 3.500000000000000000e+02 -6.502253321484331439e-01
9.999999999871223011e-07 3.518888888888889142e+02 -7.234549097496634218e-01
1.110008888888888989e-01 3.518888888888889142e+02 -7.712825752797528578e-01
2.220007777777777969e-01 3.518888888888889142e+02 -7.477440395942303031e-01
3.330006666666666115e-01 3.518888888888889142e+02 -7.308173073226941208e-01
4.440005555555555095e-01 3.518888888888889142e+02 -7.396050577738728649e-01
5.550004444444444074e-01 3.518888888888889142e+02 -7.364070922617124149e-01
6.660003333333333053e-01 3.518888888888889142e+02 -7.487393001084223787e-01
7.770002222222222032e-01 3.518888888888889142e+02 -8.115344256581071836e-01
8.880001111111111012e-01 3.518888888888889142e+02 -8.637719683643418911e-01
9.989999999999999991e-01 3.518888888888889142e+02 -7.349492110287808577e-01
9.999999999871223011e-07 3.537777777777777715e+02 -7.703327697213918634e-01
1.110008888888888989e-01 3.537777777777777715e+02 -8.306103973593610412e-01
2.220007777777777969e-01 3.537777777777777715e+02 -8.041175924284139631e-01
3.330006666666666115e-01 3.537777777777777715e+02 -7.849711444132041471e-01
4.440005555555555095e-01 3.537777777777777715e+02 -7.960427662671202276e-01
5.550004444444444074e-01 3.537777777777777715e+02 -7.907338218274764241e-01
6.660003333333333053e-01 3.537777777777777715e+02 -8.002358705129439809e-01
7.770002222222222032e-01 3.537777777777777715e+02 -8.684665169497359782e-01
8.880001111111111012e-01 3.537777777777777715e+02 -9.348131811583929585e-01
9.989999999999999991e-01 3.537777777777777715e+02 -8.015504144660393626e-01
9.999999999871223011e-07 3.556666666666666856e+02 -8.000110848630735960e-01
1.110008888888888989e-01 3.556666666666666856e+02 -8.694512040111079809e-01
2.220007777777777969e-01 3.556666666666666856e+02 -8.416627758466038722e-01
3.330006666666666115e-01 3.556666666666666856e+02 -8.202511333634089352e-01
4.440005555555555095e-01 3.556666666666666856e+02 -8.334367517403316050e-01
5.550004444444444074e-01 3.556666666666666856e+02 -8.266661717304745194e-01
6.660003333333333053e-01 3.556666666666666856e+02 -8.331533423981394293e-01
7.770002222222222032e-01 3.556666666666666856e+02 -9.041083846259913015e-01
8.880001111111111012e-01 3.556666666666666856e+02 -9.815275352272373466e-01
9.989999999999999991e-01 3.556666666666666856e+02 -8.473382048955784285e-01
9.999999999871223011e-07 3.575555555555555429e+02 -8.151608449415193025e-01
1.110008888888888989e-01 3.575555555555555429e+02 -8.879900115830510199e-01
2.220007777777777969e-01 3.575555555555555429e+02 -8.606065348071086918e-01
3.330006666666666115e-01 3.575555555555555429e+02 -8.369512815182049703e-01
4.440005555555555095e-01 3.575555555555555429e+02 -8.519328025926539150e-01
5.550004444444444074e-01 3.575555555555555429e+02 -8.447306604962546706e-01
6.660003333333333053e-01 3.575555555555555429e+02 -8.486740628410203158e-01
7.770002222222222032e-01 3.575555555555555429e+02 -9.196402894968452868e-01
8.880001111111111012e-01 3.575555555555555429e+02 -1.003015037314730407e+00
9.989999999999999991e-01 3.575555555555555429e+02 -8.708322678241081638e-01
9.999999999871223011e-07 3.594444444444444571e+02 -8.171819149488690481e-01
1.110008888888888989e-01 3.594444444444444571e+02 -8.868237763368613802e-01
2.220007777777777969e-01 3.594444444444444571e+02 -8.613242148970595702e-01
3.330006666666666115e-01 3.594444444444444571e+02 -8.356591912382143050e-01
4.440005555555555095e-01 3.594444444444444571e+02 -8.520483289946506611e-01
5.550004444444444074e-01 3.594444444444444571e+02 -8.456676897449572072e-01
6.660003333333333053e-01 3.594444444444444571e+02 -8.481080413212809255e-01
7.770002222222222032e-01 3.594444444444444571e+02 -9.168188431372039648e-01
8.880001111111111012e-01 3.594444444444444571e+02 -1.000050507332806538e+00
9.989999999999999991e-01 3.594444444444444571e+02 -8.716499608415380074e-01
9.999999999871223011e-07 3.613333333333333144e+02 -8.053233854232590971e-01
1.110008888888888989e-01 3.613333333333333144e+02 -8.660877888902224209e-01
2.220007777777777969e-01 3.613333333333333144e+02 -8.436180296375741516e-01
3.330006666666666115e-01 3.613333333333333144e+02 -8.165332822111475153e-01
4.440005555555555095e-01 3.613333333333333144e+02 -8.339257001142417192e-01
5.550004444444444074e-01 3.613333333333333144e+02 -8.296248750474979339e-01
6.660003333333333053e-01 3.613333333333333144e+02 -8.318336435104025650e-01
7.770002222222222032e-01 3.613333333333333144e+02 -8.964015619242554633e-01
8.880001111111111012e-01 3.613333333333333144e+02 -9.735419028922831508e-01
9.989999999999999991e-01 3.613333333333333144e+02 -8.499305825369921630e-01
9.999999999871223011e-07 3.632222222222222285e+02 -7.767684760004924804e-01
1.110008888888888989e-01 3.632222222222222285e+02 -8.254300530813579728e-01
2.220007777777777969e-01 3.632222222222222285e+02 -8.067984674563279945e-01
3.330006666666666115e-01 3.632222222222222285e+02 -7.792684912598798475e-01
4.440005555555555095e-01 3.632222222222222285e+02 -7.972633256344989761e-01
5.550004444444444074e-01 3.632222222222222285e+02 -7.960716583080803543e-01
6.660003333333333053e-01 3.632222222222222285e+02 -7.991526777668213066e-01
7.770002222222222032e-01 3.632222222222222285e+02 -8.578648873025961352e-01
8.880001111111111012e-01 3.632222222222222285e+02 -9.241045964020426773e-01
9.989999999999999991e-01 3.632222222222222285e+02 -8.062362500406033972e-01
9.999999999871223011e-07 3.651111111111110858e+02 -7.280244756338406509e-01
1.110008888888888989e-01 3.651111111111110858e+02 -7.648384210155049212e-01
2.220007777777777969e-01 3.651111111111110858e+02 -7.505328896506895386e-01
3.330006666666666115e-01 3.651111111111110858e+02 -7.237522214169157531e-01
4.440005555555555095e-01 3.651111111111110858e+02 -7.419768539644230332e-01
5.550004444444444074e-01 3.651111111111110858e+02 -7.445124150626755144e-01
6.660003333333333053e-01 3.651111111111110858e+02 -7.491440000287059586e-01
7.770002222222222032e-01 3.651111111111110858e+02 -8.005572371440182744e-01
8.880001111111111012e-01 3.651111111111110858e+02 -8.530261471665806505e-01
9.989999999999999991e-01 3.651111111111110858e+02 -7.420357014193214029e-01
9.999999999871223011e-07 3.670000000000000000e+02 -6.573985777202938641e-01
1.110008888888888989e-01 3.670000000000000000e+02 -6.853751250294446429e-01
2.220007777777777969e-01 3.670000000000000000e+02 -6.756470339459350605e-01
3.330006666666666115e-01 3.670000000000000000e+02 -6.507308887077472015e-01
4.440005555555555095e-01 3.670000000000000000e+02 -6.688505212194155725e-01
5.550004444444444074e-01 3.670000000000000000e+02 -6.752465516250678590e-01
6.660003333333333053e-01 3.670000000000000000e+02 -6.816670759001364210e-01
7.770002222222222032e-01 3.670000000000000000e+02 -7.249370602362739113e-01
8.880001111111111012e-01 3.670000000000000000e+02 -7.629863615898477835e-01
9.989999999999999991e-01 3.670000000000000000e+02 -6.599087942884688252e-01
