9.999999999871223011e-07 3.500000000000000000e+02 -4.560118916056483673e-01
1.110008888888888989e-01 3.500000000000000000e+02 -5.937148371951875836e-01
2.220007777777777969e-01 3.500000000000000000e+02 -6.280126683484811290e-01
3.330006666666666115e-01 3.500000000000000000e+02 -6.201192097094702094e-01
4.440005555555555095e-01 3.500000000000000000e+02 -5.779043295437777950e-01
5.550004444444444074e-01 3.500000000000000000e+02 -5.506347312650605730e-01
6.660003333333333053e-01 3.500000000000000000e+02 -5.737827424911795537e-01
7.770002222222222032e-01 3.500000000000000000e+02 -6.605178641731929146e-01
8.880001111111111012e-01 3.500000000000000000e+02 -7.408219536374381908e-01
9.989999999999999991e-01 3.500000000000000000e+02 -6.385978491808037560e-01
9.999999999871223011e-07 3.518888888888889142e+02 -5.230215220225324924e-01
1.110008888888888989e-01 3.518888888888889142e+02 -6.727503633506954905e-01
2.220007777777777969e-01 3.518888888888889142e+02 -7.027372326307956829e-01
3.330006666666666115e-01 3.518888888888889142e+02 -6.958129266063786122e-01
4.440005555555555095e-01 3.518888888888889142e+02 -6.530037530930337120e-01
5.550004444444444074e-01 3.518888888888889142e+02 -6.210068628225642318e-01
6.660003333333333053e-01 3.518888888888889142e+02 -6.416830255816582396e-01
7.770002222222222032e-01 3.518888888888889142e+02 -7.360200432709027574e-01
8.880001111111111012e-01 3.518888888888889142e+02 -8.320383430773993227e-01
9.989999999999999991e-01 3.518888888888889142e+02 -7.208281806225195210e-01
9.999999999871223011e-07 3.537777777777777715e+02 -5.768222795534370118e-01
1.110008888888888989e-01 3.537777777777777715e+02 -7.341395801252837972e-01
2.220007777777777969e-01 3.537777777777777715e+02 -7.586670288857775279e-01
3.330006666666666115e-01 3.537777777777777715e+02 -7.532366367314183853e-01
4.440005555555555095e-01 3.537777777777777715e+02 -7.113487130499492883e-01
5.550004444444444074e-01 3.537777777777777715e+02 -6.751502072384596431e-01
6.660003333333333053e-01 3.537777777777777715e+02 -6.921583980640296785e-01
7.770002222222222032e-01 3.537777777777777715e+02 -7.906966089082329008e-01
8.880001111111111012e-01 3.537777777777777715e+02 -8.993612106962368680e-01
9.989999999999999991e-01 3.537777777777777715e+02 -7.815085271065058681e-01
9.999999999871223011e-07 3.556666666666666856e+02 -6.179182316651242735e-01
1.110008888888888989e-01 3.556666666666666856e+02 -7.762222925429685949e-01
2.220007777777777969e-01 3.556666666666666856e+02 -7.944538388840695076e-01
3.330006666666666115e-01 3.556666666666666856e+02 -7.908547572309139184e-01
4.440005555555555095e-01 3.556666666666666856e+02 -7.514636266127113773e-01
5.550004444444444074e-01 3.556666666666666856e+02 -7.121393536180576911e-01
6.660003333333333053e-01 3.556666666666666856e+02 -7.247043891076749844e-01
7.770002222222222032e-01 3.556666666666666856e+02 -8.233660628219531263e-01
8.880001111111111012e-01 3.556666666666666856e+02 -9.388393646290204009e-01
9.989999999999999991e-01 3.556666666666666856e+02 -8.174983898398242577e-01
9.999999999871223011e-07 3.575555555555555429e+02 -6.468218377060597213e-01
1.110008888888888989e-01 3.575555555555555429e+02 -7.981643539485171468e-01
2.220007777777777969e-01 3.575555555555555429e+02 -8.099165745121095217e-01
3.330006666666666115e-01 3.575555555555555429e+02 -8.082325585836785953e-01
4.440005555555555095e-01 3.575555555555555429e+02 -7.726460737031242143e-01
5.550004444444444074e-01 3.575555555555555429e+02 -7.317296068639298490e-01
6.660003333333333053e-01 3.575555555555555429e+02 -7.397554334413286581e-01
7.770002222222222032e-01 3.575555555555555429e+02 -8.346796754941429031e-01
8.880001111111111012e-01 3.575555555555555429e+02 -9.495543268600473708e-01
9.989999999999999991e-01 3.575555555555555429e+02 -8.278000857407122881e-01
9.999999999871223011e-07 3.594444444444444571e+02 -6.631451531141741018e-01
1.110008888888888989e-01 3.594444444444444571e+02 -7.996474793662433633e-01
2.220007777777777969e-01 3.594444444444444571e+02 -8.054876546209174260e-01
3.330006666666666115e-01 3.594444444444444571e+02 -8.056039799692125136e-01
4.440005555555555095e-01 3.594444444444444571e+02 -7.746940314331985933e-01
5.550004444444444074e-01 3.594444444444444571e+02 -7.339981402343499495e-01
6.660003333333333053e-01 3.594444444444444571e+02 -7.380852994359027308e-01
7.770002222222222032e-01 3.594444444444444571e+02 -8.262404672955162566e-01
8.880001111111111012e-01 3.594444444444444571e+02 -9.333255292134886583e-01
9.989999999999999991e-01 3.594444444444444571e+02 -8.134889959690571049e-01
9.999999999871223011e-07 3.613333333333333144e+02 -6.650250378647313276e-01
1.110008888888888989e-01 3.613333333333333144e+02 -7.804689812930736270e-01
2.220007777777777969e-01 3.613333333333333144e+02 -7.815845222936054215e-01
3.330006666666666115e-01 3.613333333333333144e+02 -7.832930941711189199e-01
4.440005555555555095e-01 3.613333333333333144e+02 -7.575184994289363427e-01
5.550004444444444074e-01 3.613333333333333144e+02 -7.189289895110750894e-01
6.660003333333333053e-01 3.613333333333333144e+02 -7.201370739057498804e-01
7.770002222222222032e-01 3.613333333333333144e+02 -7.993818274891867359e-01
8.880001111111111012e-01 3.613333333333333144e+02 -8.930346818640695350e-01
9.989999999999999991e-01 3.613333333333333144e+02 -7.767854264065358061e-01
9.999999999871223011e-07 3.632222222222222285e+02 -6.492179733724487978e-01
1.110008888888888989e-01 3.632222222222222285e+02 -7.406101089595864551e-01
2.220007777777777969e-01 3.632222222222222285e+02 -7.385630280314218199e-01
3.330006666666666115e-01 3.632222222222222285e+02 -7.416440208225546504e-01
4.440005555555555095e-01 3.632222222222222285e+02 -7.211393436973030369e-01
5.550004444444444074e-01 3.632222222222222285e+02 -6.863833209867697960e-01
6.660003333333333053e-01 3.632222222222222285e+02 -6.858977539215829200e-01
7.770002222222222032e-01 3.632222222222222285e+02 -7.548323278435040695e-01
8.880001111111111012e-01 3.632222222222222285e+02 -8.316423686340704835e-01
9.989999999999999991e-01 3.632222222222222285e+02 -7.203651100455168432e-01
9.999999999871223011e-07 3.651111111111110858e+02 -6.122708744038003470e-01
1.110008888888888989e-01 3.651111111111110858e+02 -6.807484871494887679e-01
2.220007777777777969e-01 3.651111111111110858e+02 -6.772091675623204132e-01
3.330006666666666115e-01 3.651111111111110858e+02 -6.814669539828807077e-01
4.440005555555555095e-01 3.651111111111110858e+02 -6.660935651790711454e-01
5.550004444444444074e-01 3.651111111111110858e+02 -6.364958434167446999e-01
6.660003333333333053e-01 3.651111111111110858e+02 -6.353709327891934322e-01
7.770002222222222032e-01 3.651111111111110858e+02 -6.933233697340344115e-01
8.880001111111111012e-01 3.651111111111110858e+02 -7.522680479239662876e-01
9.989999999999999991e-01 3.651111111111110858e+02 -6.471865575775087587e-01
9.999999999871223011e-07 3.670000000000000000e+02 -5.524934172344431182e-01
1.110008888888888989e-01 3.670000000000000000e+02 -6.026060891197573266e-01
2.220007777777777969e-01 3.670000000000000000e+02 -5.991423297923397229e-01
3.330006666666666115e-01 3.670000000000000000e+02 -6.044026875045596103e-01
4.440005555555555095e-01 3.670000000000000000e+02 -5.937541462659972069e-01
5.550004444444444074e-01 3.670000000000000000e+02 -5.700628996359849987e-01
6.660003333333333053e-01 3.670000000000000000e+02 -5.691190830223838981e-01
7.770002222222222032e-01 3.670000000000000000e+02 -6.162110631201805910e-01
8.880001111111111012e-01 3.670000000000000000e+02 -6.582894628809891069e-01
9.989999999999999991e-01 3.670000000000000000e+02 -5.603486626181742869e-01
