9.999999999871223011e-07 3.500000000000000000e+02 -4.366369707355653995e-01
1.110008888888888989e-01 3.500000000000000000e+02 -5.303333475935738672e-01
2.220007777777777969e-01 3.500000000000000000e+02 -5.275988452395178330e-01
3.330006666666666115e-01 3.500000000000000000e+02 -5.240354419282451381e-01
4.440005555555555095e-01 3.500000000000000000e+02 -5.333315430396932122e-01
5.550004444444444074e-01 3.500000000000000000e+02 -5.310858445632318237e-01
6.660003333333333053e-01 3.500000000000000000e+02 -5.507347987515230914e-01
7.770002222222222032e-01 3.500000000000000000e+02 -6.181223156027190191e-01
8.880001111111111012e-01 3.500000000000000000e+02 -6.664217230335952591e-01
9.989999999999999991e-01 3.500000000000000000e+02 -5.431202733463039722e-01
9.999999999871223011e-07 3.518888888888889142e+02 -5.072725219358724669e-01
1.110008888888888989e-01 3.518888888888889142e+02 -6.129953922167825642e-01
2.220007777777777969e-01 3.518888888888889142e+02 -6.027386744951376274e-01
3.330006666666666115e-01 3.518888888888889142e+02 -5.958125187679021995e-01
4.440005555555555095e-01 3.518888888888889142e+02 -6.079877475818944443e-01
5.550004444444444074e-01 3.518888888888889142e+02 -6.038379626168004499e-01
6.660003333333333053e-01 3.518888888888889142e+02 -6.214786596132247931e-01
7.770002222222222032e-01 3.518888888888889142e+02 -6.968986512985834159e-01
8.880001111111111012e-01 3.518888888888889142e+02 -7.607642125151866663e-01
9.989999999999999991e-01 3.518888888888889142e+02 -6.287093358152711087e-01
9.999999999871223011e-07 3.537777777777777715e+02 -5.649590648312909913e-01
1.110008888888888989e-01 3.537777777777777715e+02 -6.789692696584558318e-01
2.220007777777777969e-01 3.537777777777777715e+02 -6.611145407144208841e-01
3.330006666666666115e-01 3.537777777777777715e+02 -6.498509872982212165e-01
4.440005555555555095e-01 3.537777777777777715e+02 -6.650620312920337840e-01
5.550004444444444074e-01 3.537777777777777715e+02 -6.596635806412961545e-01
6.660003333333333053e-01 3.537777777777777715e+02 -6.747660264670093389e-01
7.770002222222222032e-01 3.537777777777777715e+02 -7.561631009734390840e-01
8.880001111111111012e-01 3.537777777777777715e+02 -8.352167194668536077e-01
9.989999999999999991e-01 3.537777777777777715e+02 -6.974257788987424656e-01
9.999999999871223011e-07 3.556666666666666856e+02 -6.096522246691264968e-01
1.110008888888888989e-01 3.556666666666666856e+02 -7.254865039855963316e-01
2.220007777777777969e-01 3.556666666666666856e+02 -7.006485021609624164e-01
3.330006666666666115e-01 3.556666666666666856e+02 -6.842447763178512998e-01
4.440005555555555095e-01 3.556666666666666856e+02 -7.024796344208137366e-01
5.550004444444444074e-01 3.556666666666666856e+02 -6.969986982344049675e-01
6.660003333333333053e-01 3.556666666666666856e+02 -7.095191641329489096e-01
7.770002222222222032e-01 3.556666666666666856e+02 -7.939926752947461530e-01
8.880001111111111012e-01 3.556666666666666856e+02 -8.852358026108776423e-01
9.989999999999999991e-01 3.556666666666666856e+02 -7.457304496294060447e-01
9.999999999871223011e-07 3.575555555555555429e+02 -6.413461194625136308e-01
1.110008888888888989e-01 3.575555555555555429e+02 -7.504744994430777583e-01
2.220007777777777969e-01 3.575555555555555429e+02 -7.200844651229862947e-01
3.330006666666666115e-01 3.575555555555555429e+02 -6.981620536504624663e-01
4.440005555555555095e-01 3.575555555555555429e+02 -7.191820302877300897e-01
5.550004444444444074e-01 3.575555555555555429e+02 -7.151453812351665773e-01
6.660003333333333053e-01 3.575555555555555429e+02 -7.256957876374127148e-01
7.770002222222222032e-01 3.575555555555555429e+02 -8.101495858154923457e-01
8.880001111111111012e-01 3.575555555555555429e+02 -9.081158653251796276e-01
9.989999999999999991e-01 3.575555555555555429e+02 -7.710195570490264716e-01
9.999999999871223011e-07 3.594444444444444571e+02 -6.592266775215975816e-01
1.110008888888888989e-01 3.594444444444444571e+02 -7.527344879604693784e-01
2.220007777777777969e-01 3.594444444444444571e+02 -7.188923462128682385e-01
3.330006666666666115e-01 3.594444444444444571e+02 -6.917391564261045067e-01
4.440005555555555095e-01 3.594444444444444571e+02 -7.151077906851921462e-01
5.550004444444444074e-01 3.594444444444444571e+02 -7.141016311698578090e-01
6.660003333333333053e-01 3.594444444444444571e+02 -7.238376079127367690e-01
7.770002222222222032e-01 3.594444444444444571e+02 -8.055437583545927982e-01
8.880001111111111012e-01 3.594444444444444571e+02 -9.034704620617415305e-01
9.989999999999999991e-01 3.594444444444444571e+02 -7.720524508034750655e-01
9.999999999871223011e-07 3.613333333333333144e+02 -6.611362379376488629e-01
1.110008888888888989e-01 3.613333333333333144e+02 -7.319615252122259053e-01
2.220007777777777969e-01 3.613333333333333144e+02 -6.970789096992454636e-01
3.330006666666666115e-01 3.613333333333333144e+02 -6.657442075205924903e-01
4.440005555555555095e-01 3.613333333333333144e+02 -6.909033495455545459e-01
5.550004444444444074e-01 3.613333333333333144e+02 -6.942271421954512300e-01
6.660003333333333053e-01 3.613333333333333144e+02 -7.044581046505908883e-01
7.770002222222222032e-01 3.613333333333333144e+02 -7.811930447868947747e-01
8.880001111111111012e-01 3.613333333333333144e+02 -8.725395474009703944e-01
9.989999999999999991e-01 3.613333333333333144e+02 -7.489312377502607143e-01
9.999999999871223011e-07 3.632222222222222285e+02 -6.437656607902801920e-01
1.110008888888888989e-01 3.632222222222222285e+02 -6.888410129196381737e-01
2.220007777777777969e-01 3.632222222222222285e+02 -6.552357999862165050e-01
3.330006666666666115e-01 3.632222222222222285e+02 -6.213805606368690837e-01
4.440005555555555095e-01 3.632222222222222285e+02 -6.477280741766262562e-01
5.550004444444444074e-01 3.632222222222222285e+02 -6.561314219338542086e-01
6.660003333333333053e-01 3.632222222222222285e+02 -6.678825400701365878e-01
7.770002222222222032e-01 3.632222222222222285e+02 -7.378550421245025914e-01
8.880001111111111012e-01 3.632222222222222285e+02 -8.175923468422299223e-01
9.989999999999999991e-01 3.632222222222222285e+02 -7.030294204907518996e-01
9.999999999871223011e-07 3.651111111111110858e+02 -6.039631435954417871e-01
1.110008888888888989e-01 3.651111111111110858e+02 -6.251903605495764404e-01
2.220007777777777969e-01 3.651111111111110858e+02 -5.947709290767202450e-01
3.330006666666666115e-01 3.651111111111110858e+02 -5.602984920031950367e-01
4.440005555555555095e-01 3.651111111111110858e+02 -5.872524413248960684e-01
5.550004444444444074e-01 3.651111111111110858e+02 -6.008467197812297211e-01
6.660003333333333053e-01 3.651111111111110858e+02 -6.146202697139800941e-01
7.770002222222222032e-01 3.651111111111110858e+02 -6.765302189706762226e-01
8.880001111111111012e-01 3.651111111111110858e+02 -7.418727036046853796e-01
9.989999999999999991e-01 3.651111111111110858e+02 -6.369513362536689538e-01
9.999999999871223011e-07 3.670000000000000000e+02 -5.407099202526334247e-01
1.110008888888888989e-01 3.670000000000000000e+02 -5.438427447073959087e-01
2.220007777777777969e-01 3.670000000000000000e+02 -5.179430650550769233e-01
3.330006666666666115e-01 3.670000000000000000e+02 -4.845957278347350350e-01
4.440005555555555095e-01 3.670000000000000000e+02 -5.116270249913598134e-01
5.550004444444444074e-01 3.670000000000000000e+02 -5.299593974965386423e-01
6.660003333333333053e-01 3.670000000000000000e+02 -5.457692194928650542e-01
7.770002222222222032e-01 3.670000000000000000e+02 -5.989730575753008379e-01
8.880001111111111012e-01 3.670000000000000000e+02 -6.493672268336017073e-01
9.989999999999999991e-01 3.670000000000000000e+02 -5.541597859765662326e-01
