9.999999999871223011e-07 3.500000000000000000e+02 -4.129360500611617968e-01
1.110008888888888989e-01 3.500000000000000000e+02 -3.170683931370043007e-01
2.220007777777777969e-01 3.500000000000000000e+02 -2.970368062112062058e-01
3.330006666666666115e-01 3.500000000000000000e+02 -2.864413908164274991e-01
4.440005555555555095e-01 3.500000000000000000e+02 -2.919160216076407410e-01
5.550004444444444074e-01 3.500000000000000000e+02 -3.052448011134518691e-01
6.660003333333333053e-01 3.500000000000000000e+02 -3.556465325102458053e-01
7.770002222222222032e-01 3.500000000000000000e+02 -4.569790314456506630e-01
8.880001111111111012e-01 3.500000000000000000e+02 -5.283570014657891223e-01
9.989999999999999991e-01 3.500000000000000000e+02 -4.016848876924351552e-01
9.999999999871223011e-07 3.518888888888889142e+02 -4.798724916575776711e-01
1.110008888888888989e-01 3.518888888888889142e+02 -4.017112820472055201e-01
2.220007777777777969e-01 3.518888888888889142e+02 -3.821398846303507568e-01
3.330006666666666115e-01 3.518888888888889142e+02 -3.698759283771387851e-01
4.440005555555555095e-01 3.518888888888889142e+02 -3.731440047139119587e-01
5.550004444444444074e-01 3.518888888888889142e+02 -3.811734432959639207e-01
6.660003333333333053e-01 3.518888888888889142e+02 -4.288880748126704390e-01
7.770002222222222032e-01 3.518888888888889142e+02 -5.391588223094889720e-01
8.880001111111111012e-01 3.518888888888889142e+02 -6.272839211597087683e-01
9.989999999999999991e-01 3.518888888888889142e+02 -4.888871945474625447e-01
9.999999999871223011e-07 3.537777777777777715e+02 -5.301913855334190462e-01
1.110008888888888989e-01 3.537777777777777715e+02 -4.706215293430118241e-01
2.220007777777777969e-01 3.537777777777777715e+02 -4.564197689931727142e-01
3.330006666666666115e-01 3.537777777777777715e+02 -4.424524534445685164e-01
4.440005555555555095e-01 3.537777777777777715e+02 -4.421747219037037713e-01
5.550004444444444074e-01 3.537777777777777715e+02 -4.436164751013419449e-01
6.660003333333333053e-01 3.537777777777777715e+02 -4.867040784275568077e-01
7.770002222222222032e-01 3.537777777777777715e+02 -6.030534803006185607e-01
8.880001111111111012e-01 3.537777777777777715e+02 -7.074892141199673468e-01
9.989999999999999991e-01 3.537777777777777715e+02 -5.603977540581492889e-01
9.999999999871223011e-07 3.556666666666666856e+02 -5.636712138991519794e-01
1.110008888888888989e-01 3.556666666666666856e+02 -5.193231207772577296e-01
2.220007777777777969e-01 3.556666666666666856e+02 -5.163428189888574771e-01
3.330006666666666115e-01 3.556666666666666856e+02 -5.007779012074302649e-01
4.440005555555555095e-01 3.556666666666666856e+02 -4.956912015297483265e-01
5.550004444444444074e-01 3.556666666666666856e+02 -4.898424244241806891e-01
6.660003333333333053e-01 3.556666666666666856e+02 -5.267362449553657511e-01
7.770002222222222032e-01 3.556666666666666856e+02 -6.451630114871158561e-01
8.880001111111111012e-01 3.556666666666666856e+02 -7.626518298579727517e-01
9.989999999999999991e-01 3.556666666666666856e+02 -6.117812986010453535e-01
9.999999999871223011e-07 3.575555555555555429e+02 -5.807271765845503086e-01
1.110008888888888989e-01 3.575555555555555429e+02 -5.440777882753818906e-01
2.220007777777777969e-01 3.575555555555555429e+02 -5.580544989357051344e-01
3.330006666666666115e-01 3.575555555555555429e+02 -5.412266443964275364e-01
4.440005555555555095e-01 3.575555555555555429e+02 -5.304619044905584113e-01
5.550004444444444074e-01 3.575555555555555429e+02 -5.175377612743159439e-01
6.660003333333333053e-01 3.575555555555555429e+02 -5.474672400784313941e-01
7.770002222222222032e-01 3.575555555555555429e+02 -6.635390818541386793e-01
8.880001111111111012e-01 3.575555555555555429e+02 -7.878894807490023355e-01
9.989999999999999991e-01 3.575555555555555429e+02 -6.393152825736013734e-01
9.999999999871223011e-07 3.594444444444444571e+02 -5.815117744562194879e-01
1.110008888888888989e-01 3.594444444444444571e+02 -5.428033218482239963e-01
2.220007777777777969e-01 3.594444444444444571e+02 -5.778629459034911875e-01
3.330006666666666115e-01 3.594444444444444571e+02 -5.604376350781801186e-01
4.440005555555555095e-01 3.594444444444444571e+02 -5.438669349305976786e-01
5.550004444444444074e-01 3.594444444444444571e+02 -5.251433823894340325e-01
6.660003333333333053e-01 3.594444444444444571e+02 -5.483566017898977574e-01
7.770002222222222032e-01 3.594444444444444571e+02 -6.580970145151391337e-01
8.880001111111111012e-01 3.594444444444444571e+02 -7.814764217731456908e-01
9.989999999999999991e-01 3.594444444444444571e+02 -6.409032198385438139e-01
9.999999999871223011e-07 3.613333333333333144e+02 -5.654039207819492319e-01
1.110008888888888989e-01 3.613333333333333144e+02 -5.156984315545891651e-01
2.220007777777777969e-01 3.613333333333333144e+02 -5.729991847512725389e-01
3.330006666666666115e-01 3.613333333333333144e+02 -5.560110966790270393e-01
4.440005555555555095e-01 3.613333333333333144e+02 -5.344704283917474097e-01
5.550004444444444074e-01 3.613333333333333144e+02 -5.121154177249465089e-01
6.660003333333333053e-01 3.613333333333333144e+02 -5.297313517837349828e-01
7.770002222222222032e-01 3.613333333333333144e+02 -6.301609291883033537e-01
8.880001111111111012e-01 3.613333333333333144e+02 -7.451342919859729186e-01
9.989999999999999991e-01 3.613333333333333144e+02 -6.165789895922607622e-01
9.999999999871223011e-07 3.632222222222222285e+02 -5.312174732434985502e-01
1.110008888888888989e-01 3.632222222222222285e+02 -4.651972354035252000e-01
2.220007777777777969e-01 3.632222222222222285e+02 -5.425176161741078751e-01
3.330006666666666115e-01 3.632222222222222285e+02 -5.272194724918239928e-01
4.440005555555555095e-01 3.632222222222222285e+02 -5.024277531143230835e-01
5.550004444444444074e-01 3.632222222222222285e+02 -4.790476953214165556e-01
6.660003333333333053e-01 3.632222222222222285e+02 -4.926351695671433717e-01
7.770002222222222032e-01 3.632222222222222285e+02 -5.819020675720116831e-01
8.880001111111111012e-01 3.632222222222222285e+02 -6.831229036379862229e-01
9.989999999999999991e-01 3.632222222222222285e+02 -5.684806067395198337e-01
9.999999999871223011e-07 3.651111111111110858e+02 -4.781361195856522750e-01
1.110008888888888989e-01 3.651111111111110858e+02 -3.952838282480738430e-01
2.220007777777777969e-01 3.651111111111110858e+02 -4.878691546438788107e-01
3.330006666666666115e-01 3.651111111111110858e+02 -4.753857323235251009e-01
4.440005555555555095e-01 3.651111111111110858e+02 -4.495236968349558548e-01
5.550004444444444074e-01 3.651111111111110858e+02 -4.276061150155734403e-01
6.660003333333333053e-01 3.651111111111110858e+02 -4.387512062532434864e-01
7.770002222222222032e-01 3.651111111111110858e+02 -5.160837881889869250e-01
8.880001111111111012e-01 3.651111111111110858e+02 -6.009541653634558056e-01
9.989999999999999991e-01 3.651111111111110858e+02 -5.003261483029951551e-01
9.999999999871223011e-07 3.670000000000000000e+02 -4.068022206755609327e-01
1.110008888888888989e-01 3.670000000000000000e+02 -3.105631106457137358e-01
2.220007777777777969e-01 3.670000000000000000e+02 -4.125955679396486886e-01
3.330006666666666115e-01 3.670000000000000000e+02 -4.036211494120065524e-01
4.440005555555555095e-01 3.670000000000000000e+02 -3.787810464463523541e-01
5.550004444444444074e-01 3.670000000000000000e+02 -3.602513856338865894e-01
6.660003333333333053e-01 3.670000000000000000e+02 -3.702869161137893883e-01
7.770002222222222032e-01 3.670000000000000000e+02 -4.358567099049688309e-01
8.880001111111111012e-01 3.670000000000000000e+02 -5.041661179494936196e-01
9.989999999999999991e-01 3.670000000000000000e+02 -4.165055239985526736e-01
