9.999999999871223011e-07 3.500000000000000000e+02 -7.440944526647386148e-01
1.110008888888888989e-01 3.500000000000000000e+02 -7.944144648271651565e-01
2.220007777777777969e-01 3.500000000000000000e+02 -7.938077895780617510e-01
3.330006666666666115e-01 3.500000000000000000e+02 -7.833319565812705276e-01
4.440005555555555095e-01 3.500000000000000000e+02 -7.883105801148019287e-01
5.550004444444444074e-01 3.500000000000000000e+02 -7.814281112727335943e-01
6.660003333333333053e-01 3.500000000000000000e+02 -7.876916908336221157e-01
7.770002222222222032e-01 3.500000000000000000e+02 -8.333330106152559980e-01
8.880001111111111012e-01 3.500000000000000000e+02 -8.625039630072853791e-01
9.989999999999999991e-01 3.500000000000000000e+02 -7.401664871140023472e-01
9.999999999871223011e-07 3.518888888888889142e+02 -8.095625473847698483e-01
1.110008888888888989e-01 3.518888888888889142e+02 -8.717977381284613969e-01
2.220007777777777969e-01 3.518888888888889142e+02 -8.668681283388214309e-01
3.330006666666666115e-01 3.518888888888889142e+02 -8.545688395786709135e-01
4.440005555555555095e-01 3.518888888888889142e+02 -8.616984667552739507e-01
5.550004444444444074e-01 3.518888888888889142e+02 -8.519188298853933583e-01
6.660003333333333053e-01 3.518888888888889142e+02 -8.559081185901354916e-01
7.770002222222222032e-01 3.518888888888889142e+02 -9.093619266021749636e-01
8.880001111111111012e-01 3.518888888888889142e+02 -9.543830053343279607e-01
9.989999999999999991e-01 3.518888888888889142e+02 -8.269904761670184845e-01
9.999999999871223011e-07 3.537777777777777715e+02 -8.543701102816936288e-01
1.110008888888888989e-01 3.537777777777777715e+02 -9.282474377146765487e-01
2.220007777777777969e-01 3.537777777777777715e+02 -9.195896099422538050e-01
3.330006666666666115e-01 3.537777777777777715e+02 -9.055001310865824493e-01
4.440005555555555095e-01 3.537777777777777715e+02 -9.147534935380258192e-01
5.550004444444444074e-01 3.537777777777777715e+02 -9.025463769175914308e-01
6.660003333333333053e-01 3.537777777777777715e+02 -9.040996717532641114e-01
7.770002222222222032e-01 3.537777777777777715e+02 -9.639342000266107879e-01
8.880001111111111012e-01 3.537777777777777715e+02 -1.025109396419088270e+00
9.989999999999999991e-01 3.537777777777777715e+02 -8.964312471577884356e-01
9.999999999871223011e-07 3.556666666666666856e+02 -8.818003484995113883e-01
1.110008888888888989e-01 3.556666666666666856e+02 -9.642528309716175139e-01
2.220007777777777969e-01 3.556666666666666856e+02 -9.526695403288175656e-01
3.330006666666666115e-01 3.556666666666666856e+02 -9.368132036735387080e-01
4.440005555555555095e-01 3.556666666666666856e+02 -9.480172243068589744e-01
5.550004444444444074e-01 3.556666666666666856e+02 -9.343076054769567929e-01
6.660003333333333053e-01 3.556666666666666856e+02 -9.337340977169210632e-01
7.770002222222222032e-01 3.556666666666666856e+02 -9.979074980807987050e-01
8.880001111111111012e-01 3.556666666666666856e+02 -1.073112285755504436e+00
9.989999999999999991e-01 3.556666666666666856e+02 -9.468210387194538891e-01
9.999999999871223011e-07 3.575555555555555429e+02 -8.957017485815288449e-01
1.110008888888888989e-01 3.575555555555555429e+02 -9.816238624822800629e-01
2.220007777777777969e-01 3.575555555555555429e+02 -9.680545889499818646e-01
3.330006666666666115e-01 3.575555555555555429e+02 -9.504457836378403801e-01
4.440005555555555095e-01 3.575555555555555429e+02 -9.633109645984543334e-01
5.550004444444444074e-01 3.575555555555555429e+02 -9.493267477525543230e-01
6.660003333333333053e-01 3.575555555555555429e+02 -9.475055868019636174e-01
7.770002222222222032e-01 3.575555555555555429e+02 -1.014074084816289911e+00
8.880001111111111012e-01 3.575555555555555429e+02 -1.099215251815756744e+00
9.989999999999999991e-01 3.575555555555555429e+02 -9.776020158739728849e-01
9.999999999871223011e-07 3.594444444444444571e+02 -8.980972362374051166e-01
1.110008888888888989e-01 3.594444444444444571e+02 -9.819994415848097846e-01
2.220007777777777969e-01 3.594444444444444571e+02 -9.673454066318463163e-01
3.330006666666666115e-01 3.594444444444444571e+02 -9.481196525648474260e-01
4.440005555555555095e-01 3.594444444444444571e+02 -9.623444839381187776e-01
5.550004444444444074e-01 3.594444444444444571e+02 -9.494594430230252069e-01
6.660003333333333053e-01 3.594444444444444571e+02 -9.476936341036127365e-01
7.770002222222222032e-01 3.594444444444444571e+02 -1.015120729279448186e+00
8.880001111111111012e-01 3.594444444444444571e+02 -1.104966631747449801e+00
9.989999999999999991e-01 3.594444444444444571e+02 -9.885296264490485152e-01
9.999999999871223011e-07 3.613333333333333144e+02 -8.882289465892724278e-01
1.110008888888888989e-01 3.613333333333333144e+02 -9.653593536446876122e-01
2.220007777777777969e-01 3.613333333333333144e+02 -9.505081971669798735e-01
3.330006666666666115e-01 3.613333333333333144e+02 -9.300677585510589429e-01
4.440005555555555095e-01 3.613333333333333144e+02 -9.453576788664933561e-01
5.550004444444444074e-01 3.613333333333333144e+02 -9.349428646056183734e-01
6.660003333333333053e-01 3.613333333333333144e+02 -9.346274985578231220e-01
7.770002222222222032e-01 3.613333333333333144e+02 -1.001450248961514244e+00
8.880001111111111012e-01 3.613333333333333144e+02 -1.090189884674498400e+00
9.989999999999999991e-01 3.613333333333333144e+02 -9.785180610478813046e-01
9.999999999871223011e-07 3.632222222222222285e+02 -8.625289982126107535e-01
1.110008888888888989e-01 3.632222222222222285e+02 -9.300177136423214419e-01
2.220007777777777969e-01 3.632222222222222285e+02 -9.159360167208475678e-01
3.330006666666666115e-01 3.632222222222222285e+02 -8.950234667671844724e-01
4.440005555555555095e-01 3.632222222222222285e+02 -9.110529862905645260e-01
5.550004444444444074e-01 3.632222222222222285e+02 -9.042896148169607962e-01
6.660003333333333053e-01 3.632222222222222285e+02 -9.065259546340368457e-01
7.770002222222222032e-01 3.632222222222222285e+02 -9.708751731488641790e-01
8.880001111111111012e-01 3.632222222222222285e+02 -1.052656396326358657e+00
9.989999999999999991e-01 3.632222222222222285e+02 -9.457017604864796922e-01
9.999999999871223011e-07 3.651111111111110858e+02 -8.160979538226096341e-01
1.110008888888888989e-01 3.651111111111110858e+02 -8.741134242233213891e-01
2.220007777777777969e-01 3.651111111111110858e+02 -8.618067579647490373e-01
3.330006666666666115e-01 3.651111111111110858e+02 -8.414265654704211617e-01
4.440005555555555095e-01 3.651111111111110858e+02 -8.578395751861723761e-01
5.550004444444444074e-01 3.651111111111110858e+02 -8.554972070130225648e-01
6.660003333333333053e-01 3.651111111111110858e+02 -8.608116596225090511e-01
7.770002222222222032e-01 3.651111111111110858e+02 -9.204522682819743506e-01
8.880001111111111012e-01 3.651111111111110858e+02 -9.904295539575884710e-01
9.989999999999999991e-01 3.651111111111110858e+02 -8.890157395827209541e-01
9.999999999871223011e-07 3.670000000000000000e+02 -7.459455818597972021e-01
1.110008888888888989e-01 3.670000000000000000e+02 -7.971596939987815045e-01
2.220007777777777969e-01 3.670000000000000000e+02 -7.876232851293619719e-01
3.330006666666666115e-01 3.670000000000000000e+02 -7.687757188885417925e-01
4.440005555555555095e-01 3.670000000000000000e+02 -7.851980957133181116e-01
5.550004444444444074e-01 3.670000000000000000e+02 -7.874802707663817181e-01
6.660003333333333053e-01 3.670000000000000000e+02 -7.958004795028134071e-01
7.770002222222222032e-01 3.670000000000000000e+02 -8.487394171921396335e-01
8.880001111111111012e-01 3.670000000000000000e+02 -9.042610146312135555e-01
9.989999999999999991e-01 3.670000000000000000e+02 -8.096358480964015447e-01
