9.999999999871223011e-07 3.500000000000000000e+02 -2.130923249498283267e-01
1.110008888888888989e-01 3.500000000000000000e+02 -6.668875810720065189e-02
2.220007777777777969e-01 3.500000000000000000e+02 -1.349396299414487022e-01
3.330006666666666115e-01 3.500000000000000000e+02 -2.341046013507083190e-01
4.440005555555555095e-01 3.500000000000000000e+02 -2.395545864449256657e-01
5.550004444444444074e-01 3.500000000000000000e+02 -2.355588559781934821e-01
6.660003333333333053e-01 3.500000000000000000e+02 -2.818017504079768365e-01
7.770002222222222032e-01 3.500000000000000000e+02 -3.705057482665849999e-01
8.880001111111111012e-01 3.500000000000000000e+02 -3.838121122784643457e-01
9.989999999999999991e-01 3.500000000000000000e+02 -1.929511936812716710e-01
9.999999999871223011e-07 3.518888888888889142e+02 -2.553569985972091727e-01
1.110008888888888989e-01 3.518888888888889142e+02 -1.660600458371133126e-01
2.220007777777777969e-01 3.518888888888889142e+02 -2.245292820892197394e-01
3.330006666666666115e-01 3.518888888888889142e+02 -3.158727624774451126e-01
4.440005555555555095e-01 3.518888888888889142e+02 -3.145663129082834075e-01
5.550004444444444074e-01 3.518888888888889142e+02 -3.072338133936353133e-01
6.660003333333333053e-01 3.518888888888889142e+02 -3.578972797218430424e-01
7.770002222222222032e-01 3.518888888888889142e+02 -4.619985707136347042e-01
8.880001111111111012e-01 3.518888888888889142e+02 -4.835315103171297091e-01
9.989999999999999991e-01 3.518888888888889142e+02 -2.674181603784686612e-01
9.999999999871223011e-07 3.537777777777777715e+02 -2.759395928909967877e-01
1.110008888888888989e-01 3.537777777777777715e+02 -2.569946603468038493e-01
2.220007777777777969e-01 3.537777777777777715e+02 -3.028180785429932520e-01
3.330006666666666115e-01 3.537777777777777715e+02 -3.801102115038761387e-01
4.440005555555555095e-01 3.537777777777777715e+02 -3.699205816686019777e-01
5.550004444444444074e-01 3.537777777777777715e+02 -3.588608384955676023e-01
6.660003333333333053e-01 3.537777777777777715e+02 -4.116810686827596655e-01
7.770002222222222032e-01 3.537777777777777715e+02 -5.264719958472047212e-01
8.880001111111111012e-01 3.537777777777777715e+02 -5.541525815356662665e-01
9.989999999999999991e-01 3.537777777777777715e+02 -3.185893117618622261e-01
9.999999999871223011e-07 3.556666666666666856e+02 -2.760095359419774685e-01
1.110008888888888989e-01 3.556666666666666856e+02 -3.341470652294163957e-01
2.220007777777777969e-01 3.556666666666666856e+02 -3.651437904417759173e-01
3.330006666666666115e-01 3.556666666666666856e+02 -4.220287723019144899e-01
4.440005555555555095e-01 3.556666666666666856e+02 -4.016364916293213572e-01
5.550004444444444074e-01 3.556666666666666856e+02 -3.870388483161999460e-01
6.660003333333333053e-01 3.556666666666666856e+02 -4.391725019795748031e-01
7.770002222222222032e-01 3.556666666666666856e+02 -5.568988875571049268e-01
8.880001111111111012e-01 3.556666666666666856e+02 -5.864291660316481858e-01
9.989999999999999991e-01 3.556666666666666856e+02 -3.418980865545492298e-01
9.999999999871223011e-07 3.575555555555555429e+02 -2.580934650626331983e-01
1.110008888888888989e-01 3.575555555555555429e+02 -3.912206309838958118e-01
2.220007777777777969e-01 3.575555555555555429e+02 -4.065983594395852219e-01
3.330006666666666115e-01 3.575555555555555429e+02 -4.381579120218718204e-01
4.440005555555555095e-01 3.575555555555555429e+02 -4.076184957590064384e-01
5.550004444444444074e-01 3.575555555555555429e+02 -3.903365340949744855e-01
6.660003333333333053e-01 3.575555555555555429e+02 -4.390145872551989292e-01
7.770002222222222032e-01 3.575555555555555429e+02 -5.507499735372314298e-01
8.880001111111111012e-01 3.575555555555555429e+02 -5.764937885905143666e-01
9.989999999999999991e-01 3.575555555555555429e+02 -3.357403469679615116e-01
9.999999999871223011e-07 3.594444444444444571e+02 -2.249977538573716407e-01
1.110008888888888989e-01 3.594444444444444571e+02 -4.220591033645856305e-01
2.220007777777777969e-01 3.594444444444444571e+02 -4.229896728532495098e-01
3.330006666666666115e-01 3.594444444444444571e+02 -4.273882978999764548e-01
4.440005555555555095e-01 3.594444444444444571e+02 -3.882886957860578470e-01
5.550004444444444074e-01 3.594444444444444571e+02 -3.696496387461581934e-01
6.660003333333333053e-01 3.594444444444444571e+02 -4.127777198473517872e-01
7.770002222222222032e-01 3.594444444444444571e+02 -5.110543334973355334e-01
8.880001111111111012e-01 3.594444444444444571e+02 -5.280886237730396671e-01
9.989999999999999991e-01 3.594444444444444571e+02 -3.020595507008551062e-01
9.999999999871223011e-07 3.613333333333333144e+02 -1.791304587025270845e-01
1.110008888888888989e-01 3.613333333333333144e+02 -4.224210290705854298e-01
2.220007777777777969e-01 3.613333333333333144e+02 -4.119958295101631141e-01
3.330006666666666115e-01 3.613333333333333144e+02 -3.912670809021907559e-01
4.440005555555555095e-01 3.613333333333333144e+02 -3.463545035846887776e-01
5.550004444444444074e-01 3.613333333333333144e+02 -3.278027898563096176e-01
6.660003333333333053e-01 3.613333333333333144e+02 -3.642424926303388100e-01
7.770002222222222032e-01 3.613333333333333144e+02 -4.447683540855942308e-01
8.880001111111111012e-01 3.613333333333333144e+02 -4.505401517538338840e-01
9.989999999999999991e-01 3.613333333333333144e+02 -2.455905766899192377e-01
9.999999999871223011e-07 3.632222222222222285e+02 -1.223716942472528046e-01
1.110008888888888989e-01 3.632222222222222285e+02 -3.915347368167207964e-01
2.220007777777777969e-01 3.632222222222222285e+02 -3.740127413077595220e-01
3.330006666666666115e-01 3.632222222222222285e+02 -3.334261190222338467e-01
4.440005555555555095e-01 3.632222222222222285e+02 -2.858967732244565019e-01
5.550004444444444074e-01 3.632222222222222285e+02 -2.686806638577186046e-01
6.660003333333333053e-01 3.632222222222222285e+02 -2.982168744830913099e-01
7.770002222222222032e-01 3.632222222222222285e+02 -3.599795157688678859e-01
8.880001111111111012e-01 3.632222222222222285e+02 -3.543706207478758419e-01
9.989999999999999991e-01 3.632222222222222285e+02 -1.722448165619798743e-01
9.999999999871223011e-07 3.651111111111110858e+02 -5.623983571968338424e-02
1.110008888888888989e-01 3.651111111111110858e+02 -3.324308548603317481e-01
2.220007777777777969e-01 3.651111111111110858e+02 -3.121577117993774575e-01
3.330006666666666115e-01 3.651111111111110858e+02 -2.585262388770769304e-01
4.440005555555555095e-01 3.651111111111110858e+02 -2.113325280828659558e-01
5.550004444444444074e-01 3.651111111111110858e+02 -1.963448089479473690e-01
6.660003333333333053e-01 3.651111111111110858e+02 -2.194495940581105975e-01
7.770002222222222032e-01 3.651111111111110858e+02 -2.637379695975189398e-01
8.880001111111111012e-01 3.651111111111110858e+02 -2.481274482887874111e-01
9.989999999999999991e-01 3.651111111111110858e+02 -8.760050511688755037e-02
9.999999999871223011e-07 3.670000000000000000e+02 1.785880010252016703e-02
1.110008888888888989e-01 3.670000000000000000e+02 -2.508811866467633989e-01
2.220007777777777969e-01 3.670000000000000000e+02 -2.313073584296281293e-01
3.330006666666666115e-01 3.670000000000000000e+02 -1.712414067077749902e-01
4.440005555555555095e-01 3.670000000000000000e+02 -1.266802188238319582e-01
5.550004444444444074e-01 3.670000000000000000e+02 -1.144362037959495426e-01
6.660003333333333053e-01 3.670000000000000000e+02 -1.319636834877535581e-01
7.770002222222222032e-01 3.670000000000000000e+02 -1.612074684486801690e-01
8.880001111111111012e-01 3.670000000000000000e+02 -1.375446262477678649e-01
9.989999999999999991e-01 3.670000000000000000e+02 3.892837156780570851e-03
