9.999999999871223011e-07 3.500000000000000000e+02 -3.779269727602985185e-01
1.110008888888888989e-01 3.500000000000000000e+02 -2.938888018131110558e-01
2.220007777777777969e-01 3.500000000000000000e+02 -2.778022484985731566e-01
3.330006666666666115e-01 3.500000000000000000e+02 -2.691737535219725919e-01
4.440005555555555095e-01 3.500000000000000000e+02 -2.747274112261377521e-01
5.550004444444444074e-01 3.500000000000000000e+02 -2.809408295801781863e-01
6.660003333333333053e-01 3.500000000000000000e+02 -3.205846538836741866e-01
7.770002222222222032e-01 3.500000000000000000e+02 -3.918223595766050504e-01
8.880001111111111012e-01 3.500000000000000000e+02 -3.971485043558096173e-01
9.989999999999999991e-01 3.500000000000000000e+02 -2.243556600349062569e-01
9.999999999871223011e-07 3.518888888888889142e+02 -4.152370834460044069e-01
1.110008888888888989e-01 3.518888888888889142e+02 -3.831987051376934961e-01
2.220007777777777969e-01 3.518888888888889142e+02 -3.559362533191241518e-01
3.330006666666666115e-01 3.518888888888889142e+02 -3.480145602626151247e-01
4.440005555555555095e-01 3.518888888888889142e+02 -3.577124086010884385e-01
5.550004444444444074e-01 3.518888888888889142e+02 -3.617312158918918330e-01
6.660003333333333053e-01 3.518888888888889142e+02 -4.010737506347397119e-01
7.770002222222222032e-01 3.518888888888889142e+02 -4.833689785055996779e-01
8.880001111111111012e-01 3.518888888888889142e+02 -4.999945736914447325e-01
9.989999999999999991e-01 3.518888888888889142e+02 -3.104209629804094428e-01
9.999999999871223011e-07 3.537777777777777715e+02 -4.231472927138408835e-01
1.110008888888888989e-01 3.537777777777777715e+02 -4.561354973326970930e-01
2.220007777777777969e-01 3.537777777777777715e+02 -4.183728119570427895e-01
3.330006666666666115e-01 3.537777777777777715e+02 -4.119591781028766331e-01
4.440005555555555095e-01 3.537777777777777715e+02 -4.268903958573160295e-01
5.550004444444444074e-01 3.537777777777777715e+02 -4.285047493259431794e-01
6.660003333333333053e-01 3.537777777777777715e+02 -4.654369716036786953e-01
7.770002222222222032e-01 3.537777777777777715e+02 -5.562801400282962883e-01
8.880001111111111012e-01 3.537777777777777715e+02 -5.850290104639986888e-01
9.989999999999999991e-01 3.537777777777777715e+02 -3.819420168818276062e-01
9.999999999871223011e-07 3.556666666666666856e+02 -4.047631023456257360e-01
1.110008888888888989e-01 3.556666666666666856e+02 -5.074377437715782424e-01
2.220007777777777969e-01 3.556666666666666856e+02 -4.614126146850805466e-01
3.330006666666666115e-01 3.556666666666666856e+02 -4.573197705819449510e-01
4.440005555555555095e-01 3.556666666666666856e+02 -4.784603515468245361e-01
5.550004444444444074e-01 3.556666666666666856e+02 -4.779450401841640605e-01
6.660003333333333053e-01 3.556666666666666856e+02 -5.103009418959225663e-01
7.770002222222222032e-01 3.556666666666666856e+02 -6.051868841986026704e-01
8.880001111111111012e-01 3.556666666666666856e+02 -6.448204936768298090e-01
9.989999999999999991e-01 3.556666666666666856e+02 -4.342207662771276899e-01
9.999999999871223011e-07 3.575555555555555429e+02 -3.655396949308185039e-01
1.110008888888888989e-01 3.575555555555555429e+02 -5.326837351760544959e-01
2.220007777777777969e-01 3.575555555555555429e+02 -4.821562921250120981e-01
3.330006666666666115e-01 3.575555555555555429e+02 -4.810486191832883396e-01
4.440005555555555095e-01 3.575555555555555429e+02 -5.089780107414157984e-01
5.550004444444444074e-01 3.575555555555555429e+02 -5.072029767400088041e-01
6.660003333333333053e-01 3.575555555555555429e+02 -5.333214681399217616e-01
7.770002222222222032e-01 3.575555555555555429e+02 -6.263999195890366245e-01
8.880001111111111012e-01 3.575555555555555429e+02 -6.729571469963996355e-01
9.989999999999999991e-01 3.575555555555555429e+02 -4.631194428640775795e-01
9.999999999871223011e-07 3.594444444444444571e+02 -3.109456463356365941e-01
1.110008888888888989e-01 3.594444444444444571e+02 -5.295281109926512908e-01
2.220007777777777969e-01 3.594444444444444571e+02 -4.791110577889289290e-01
3.330006666666666115e-01 3.594444444444444571e+02 -4.813980885709610025e-01
4.440005555555555095e-01 3.594444444444444571e+02 -5.160520766070341159e-01
5.550004444444444074e-01 3.594444444444444571e+02 -5.143803430034010749e-01
6.660003333333333053e-01 3.594444444444444571e+02 -5.335829983620700157e-01
7.770002222222222032e-01 3.594444444444444571e+02 -6.190734524123949756e-01
8.880001111111111012e-01 3.594444444444444571e+02 -6.665527098363137615e-01
9.989999999999999991e-01 3.594444444444444571e+02 -4.661355736208767642e-01
9.999999999871223011e-07 3.613333333333333144e+02 -2.453089653028441841e-01
1.110008888888888989e-01 3.613333333333333144e+02 -4.984842238687188232e-01
2.220007777777777969e-01 3.613333333333333144e+02 -4.525106037304496009e-01
3.330006666666666115e-01 3.613333333333333144e+02 -4.583264625541909609e-01
4.440005555555555095e-01 3.613333333333333144e+02 -4.989400028672753562e-01
5.550004444444444074e-01 3.613333333333333144e+02 -4.989017869253424831e-01
6.660003333333333053e-01 3.613333333333333144e+02 -5.115589713317432174e-01
7.770002222222222032e-01 3.613333333333333144e+02 -5.850941424368633070e-01
8.880001111111111012e-01 3.613333333333333144e+02 -6.274199194972823745e-01
9.989999999999999991e-01 3.613333333333333144e+02 -4.431678326898312870e-01
9.999999999871223011e-07 3.632222222222222285e+02 -1.716886742335079763e-01
1.110008888888888989e-01 3.632222222222222285e+02 -4.427394202513295074e-01
2.220007777777777969e-01 3.632222222222222285e+02 -4.042820266559736808e-01
3.330006666666666115e-01 3.632222222222222285e+02 -4.135029130978638001e-01
4.440005555555555095e-01 3.632222222222222285e+02 -4.587818638466822918e-01
5.550004444444444074e-01 3.632222222222222285e+02 -4.616822407826578489e-01
6.660003333333333053e-01 3.632222222222222285e+02 -4.688877193045225544e-01
7.770002222222222032e-01 3.632222222222222285e+02 -5.281597534234125924e-01
8.880001111111111012e-01 3.632222222222222285e+02 -5.610758440330203545e-01
9.989999999999999991e-01 3.632222222222222285e+02 -3.965473561774270905e-01
9.999999999871223011e-07 3.651111111111110858e+02 -9.218828139481116679e-02
1.110008888888888989e-01 3.651111111111110858e+02 -3.671471249301496709e-01
2.220007777777777969e-01 3.651111111111110858e+02 -3.376450819288264737e-01
3.330006666666666115e-01 3.651111111111110858e+02 -3.499204191990552548e-01
4.440005555555555095e-01 3.651111111111110858e+02 -3.983372410880510195e-01
5.550004444444444074e-01 3.651111111111110858e+02 -4.049963192755934305e-01
6.660003333333333053e-01 3.651111111111110858e+02 -4.081428068331076631e-01
7.770002222222222032e-01 3.651111111111110858e+02 -4.528370609317187157e-01
8.880001111111111012e-01 3.651111111111110858e+02 -4.745667583187913596e-01
9.989999999999999991e-01 3.651111111111110858e+02 -3.303076946174997586e-01
9.999999999871223011e-07 3.670000000000000000e+02 -8.370525788955140989e-03
1.110008888888888989e-01 3.670000000000000000e+02 -2.770124932334110390e-01
2.220007777777777969e-01 3.670000000000000000e+02 -2.564426988478452074e-01
3.330006666666666115e-01 3.670000000000000000e+02 -2.712625818342181416e-01
4.440005555555555095e-01 3.670000000000000000e+02 -3.213218722231245827e-01
5.550004444444444074e-01 3.670000000000000000e+02 -3.320118582574242971e-01
6.660003333333333053e-01 3.670000000000000000e+02 -3.324870376606788858e-01
7.770002222222222032e-01 3.670000000000000000e+02 -3.637639618755210691e-01
8.880001111111111012e-01 3.670000000000000000e+02 -3.745221812871262212e-01
9.989999999999999991e-01 3.670000000000000000e+02 -2.490854535314136475e-01
