9.999999999871223011e-07 3.500000000000000000e+02 -2.111802313341302195e-01
1.110008888888888989e-01 3.500000000000000000e+02 -5.236893630249872533e-02
2.220007777777777969e-01 3.500000000000000000e+02 -5.522982942917120663e-02
3.330006666666666115e-01 3.500000000000000000e+02 2.514102275654628293e-03
4.440005555555555095e-01 3.500000000000000000e+02 1.666271198929814013e-03
5.550004444444444074e-01 3.500000000000000000e+02 -8.387064943478850232e-02
6.660003333333333053e-01 3.500000000000000000e+02 -2.087954660619522063e-01
7.770002222222222032e-01 3.500000000000000000e+02 -3.429173690042961464e-01
8.880001111111111012e-01 3.500000000000000000e+02 -3.779554108098515108e-01
9.989999999999999991e-01 3.500000000000000000e+02 -1.881949751573177565e-01
9.999999999871223011e-07 3.518888888888889142e+02 -2.535779822601705313e-01
1.110008888888888989e-01 3.518888888888889142e+02 -1.527251000809568549e-01
2.220007777777777969e-01 3.518888888888889142e+02 -1.505156229850004301e-01
3.330006666666666115e-01 3.518888888888889142e+02 -8.742739302874547036e-02
4.440005555555555095e-01 3.518888888888889142e+02 -8.398410651591592391e-02
5.550004444444444074e-01 3.518888888888889142e+02 -1.666290219444120924e-01
6.660003333333333053e-01 3.518888888888889142e+02 -2.929860940357544852e-01
7.770002222222222032e-01 3.518888888888889142e+02 -4.386148825472219182e-01
8.880001111111111012e-01 3.518888888888889142e+02 -4.794019352821352609e-01
9.989999999999999991e-01 3.518888888888889142e+02 -2.625847964554935965e-01
9.999999999871223011e-07 3.537777777777777715e+02 -2.740537595561695072e-01
1.110008888888888989e-01 3.537777777777777715e+02 -2.446393830807598313e-01
2.220007777777777969e-01 3.537777777777777715e+02 -2.370993345113772133e-01
3.330006666666666115e-01 3.537777777777777715e+02 -1.684590045392732049e-01
4.440005555555555095e-01 3.537777777777777715e+02 -1.590567424520273887e-01
5.550004444444444074e-01 3.537777777777777715e+02 -2.351172727571191334e-01
6.660003333333333053e-01 3.537777777777777715e+02 -3.575680114960096967e-01
7.770002222222222032e-01 3.537777777777777715e+02 -5.079008040929674506e-01
8.880001111111111012e-01 3.537777777777777715e+02 -5.511124831541294178e-01
9.989999999999999991e-01 3.537777777777777715e+02 -3.132502178194214171e-01
9.999999999871223011e-07 3.556666666666666856e+02 -2.738712599537103665e-01
1.110008888888888989e-01 3.556666666666666856e+02 -3.226342304738758493e-01
2.220007777777777969e-01 3.556666666666666856e+02 -3.100386494384671510e-01
3.330006666666666115e-01 3.556666666666666856e+02 -2.359826799735014191e-01
4.440005555555555095e-01 3.556666666666666856e+02 -2.190627019972675171e-01
5.550004444444444074e-01 3.556666666666666856e+02 -2.847243332843985009e-01
6.660003333333333053e-01 3.556666666666666856e+02 -3.972663761756940470e-01
7.770002222222222032e-01 3.556666666666666856e+02 -5.428026761883346651e-01
8.880001111111111012e-01 3.556666666666666856e+02 -5.833840417143936197e-01
9.989999999999999991e-01 3.556666666666666856e+02 -3.356527965555048398e-01
9.999999999871223011e-07 3.575555555555555429e+02 -2.556638759103589398e-01
1.110008888888888989e-01 3.575555555555555429e+02 -3.802578468329924632e-01
2.220007777777777969e-01 3.575555555555555429e+02 -3.634994659476790124e-01
3.330006666666666115e-01 3.575555555555555429e+02 -2.847858580006163987e-01
4.440005555555555095e-01 3.575555555555555429e+02 -2.593710352727133239e-01
5.550004444444444074e-01 3.575555555555555429e+02 -3.115303477537720855e-01
6.660003333333333053e-01 3.575555555555555429e+02 -4.088445143539320981e-01
7.770002222222222032e-01 3.575555555555555429e+02 -5.398509470230055118e-01
8.880001111111111012e-01 3.575555555555555429e+02 -5.722766798819959311e-01
9.989999999999999991e-01 3.575555555555555429e+02 -3.283433355514271401e-01
9.999999999871223011e-07 3.594444444444444571e+02 -2.223041934411140730e-01
1.110008888888888989e-01 3.594444444444444571e+02 -4.112147240428642991e-01
2.220007777777777969e-01 3.594444444444444571e+02 -3.917897260442593232e-01
3.330006666666666115e-01 3.594444444444444571e+02 -3.099779907001484203e-01
4.440005555555555095e-01 3.594444444444444571e+02 -2.761789111745249770e-01
5.550004444444444074e-01 3.594444444444444571e+02 -3.133225604511469253e-01
6.660003333333333053e-01 3.594444444444444571e+02 -3.921865958340858827e-01
7.770002222222222032e-01 3.594444444444444571e+02 -5.017000574032254301e-01
8.880001111111111012e-01 3.594444444444444571e+02 -5.219690697607587415e-01
9.989999999999999991e-01 3.594444444444444571e+02 -2.934908536476065199e-01
9.999999999871223011e-07 3.613333333333333144e+02 -1.762145696154570063e-01
1.110008888888888989e-01 3.613333333333333144e+02 -4.112094091219237191e-01
2.220007777777777969e-01 3.613333333333333144e+02 -3.909471498682268731e-01
3.330006666666666115e-01 3.613333333333333144e+02 -3.083042341084150095e-01
4.440005555555555095e-01 3.613333333333333144e+02 -2.675765785638318794e-01
5.550004444444444074e-01 3.613333333333333144e+02 -2.902530112563158626e-01
6.660003333333333053e-01 3.613333333333333144e+02 -3.501937756261698231e-01
7.770002222222222032e-01 3.613333333333333144e+02 -4.355141761298723102e-01
8.880001111111111012e-01 3.613333333333333144e+02 -4.423852761793599653e-01
9.989999999999999991e-01 3.613333333333333144e+02 -2.360257721040368573e-01
9.999999999871223011e-07 3.632222222222222285e+02 -1.192516196735530221e-01
1.110008888888888989e-01 3.632222222222222285e+02 -3.795634829976717306e-01
2.220007777777777969e-01 3.632222222222222285e+02 -3.601367921866406308e-01
3.330006666666666115e-01 3.632222222222222285e+02 -2.792421731798420126e-01
4.440005555555555095e-01 3.632222222222222285e+02 -2.341695840027305797e-01
5.550004444444444074e-01 3.632222222222222285e+02 -2.447703007649406626e-01
6.660003333333333053e-01 3.632222222222222285e+02 -2.876767588978120793e-01
7.770002222222222032e-01 3.632222222222222285e+02 -3.498648910042436722e-01
8.880001111111111012e-01 3.632222222222222285e+02 -3.444567896171019106e-01
9.989999999999999991e-01 3.632222222222222285e+02 -1.619593022167737928e-01
9.999999999871223011e-07 3.651111111111110858e+02 -5.289526420498114057e-02
1.110008888888888989e-01 3.651111111111110858e+02 -3.195232332024550148e-01
2.220007777777777969e-01 3.651111111111110858e+02 -3.020425840195275491e-01
3.330006666666666115e-01 3.651111111111110858e+02 -2.252466949773397342e-01
4.440005555555555095e-01 3.651111111111110858e+02 -1.789011630764807403e-01
5.550004444444444074e-01 3.651111111111110858e+02 -1.808659744828783333e-01
6.660003333333333053e-01 3.651111111111110858e+02 -2.099737032751617383e-01
7.770002222222222032e-01 3.651111111111110858e+02 -2.522996293998125417e-01
8.880001111111111012e-01 3.651111111111110858e+02 -2.368871013464278752e-01
9.989999999999999991e-01 3.651111111111110858e+02 -7.687635443773843669e-02
9.999999999871223011e-07 3.670000000000000000e+02 2.148012943951715936e-02
1.110008888888888989e-01 3.670000000000000000e+02 -2.370835897847123341e-01
2.220007777777777969e-01 3.670000000000000000e+02 -2.219551902596128556e-01
3.330006666666666115e-01 3.670000000000000000e+02 -1.509621623644394894e-01
4.440005555555555095e-01 3.670000000000000000e+02 -1.061788282022215757e-01
5.550004444444444074e-01 3.670000000000000000e+02 -1.030504814348587317e-01
6.660003333333333053e-01 3.670000000000000000e+02 -1.219048060255895072e-01
7.770002222222222032e-01 3.670000000000000000e+02 -1.483575420423968172e-01
8.880001111111111012e-01 3.670000000000000000e+02 -1.254066698256769419e-01
9.989999999999999991e-01 3.670000000000000000e+02 1.482003045575608358e-02
