9.999999999871223011e-07 3.500000000000000000e+02 -6.581084053042989268e-01
1.110008888888888989e-01 3.500000000000000000e+02 -6.967811485451689268e-01
2.220007777777777969e-01 3.500000000000000000e+02 -6.772884787004415097e-01
3.330006666666666115e-01 3.500000000000000000e+02 -6.662845906247726324e-01
4.440005555555555095e-01 3.500000000000000000e+02 -6.697394803763075943e-01
5.550004444444444074e-01 3.500000000000000000e+02 -6.684036073921080234e-01
6.660003333333333053e-01 3.500000000000000000e+02 -6.904385657460299086e-01
7.770002222222222032e-01 3.500000000000000000e+02 -7.633291040130077976e-01
8.880001111111111012e-01 3.500000000000000000e+02 -8.303649432556863275e-01
9.989999999999999991e-01 3.500000000000000000e+02 -7.268175838585652082e-01
9.999999999871223011e-07 3.518888888888889142e+02 -7.241448599076025783e-01
1.110008888888888989e-01 3.518888888888889142e+02 -7.751625382726117230e-01
2.220007777777777969e-01 3.518888888888889142e+02 -7.538935880142381141e-01
3.330006666666666115e-01 3.518888888888889142e+02 -7.432969677610872239e-01
4.440005555555555095e-01 3.518888888888889142e+02 -7.467421804746574576e-01
5.550004444444444074e-01 3.518888888888889142e+02 -7.402187793183190312e-01
6.660003333333333053e-01 3.518888888888889142e+02 -7.584789241332905441e-01
7.770002222222222032e-01 3.518888888888889142e+02 -8.377144651889577576e-01
8.880001111111111012e-01 3.518888888888889142e+02 -9.198105628491697328e-01
9.989999999999999991e-01 3.518888888888889142e+02 -8.089288686791411553e-01
9.999999999871223011e-07 3.537777777777777715e+02 -7.710289327805615045e-01
1.110008888888888989e-01 3.537777777777777715e+02 -8.340036985147227799e-01
2.220007777777777969e-01 3.537777777777777715e+02 -8.138045462212261105e-01
3.330006666666666115e-01 3.537777777777777715e+02 -8.042938098597033347e-01
4.440005555555555095e-01 3.537777777777777715e+02 -8.071735446697370087e-01
5.550004444444444074e-01 3.537777777777777715e+02 -7.947521367106182844e-01
6.660003333333333053e-01 3.537777777777777715e+02 -8.078276087337138422e-01
7.770002222222222032e-01 3.537777777777777715e+02 -8.902215130260013876e-01
8.880001111111111012e-01 3.537777777777777715e+02 -9.845828915680933102e-01
9.989999999999999991e-01 3.537777777777777715e+02 -8.689489258170437491e-01
9.999999999871223011e-07 3.556666666666666856e+02 -8.007549654131149719e-01
1.110008888888888989e-01 3.556666666666666856e+02 -8.724464099272698503e-01
2.220007777777777969e-01 3.556666666666666856e+02 -8.563819418635538749e-01
3.330006666666666115e-01 3.556666666666666856e+02 -8.485313076614781069e-01
4.440005555555555095e-01 3.556666666666666856e+02 -8.502770695987821314e-01
5.550004444444444074e-01 3.556666666666666856e+02 -8.318498002393843738e-01
6.660003333333333053e-01 3.556666666666666856e+02 -8.389429724591451754e-01
7.770002222222222032e-01 3.556666666666666856e+02 -9.209081948199419054e-01
8.880001111111111012e-01 3.556666666666666856e+02 -1.022193134044866003e+00
9.989999999999999991e-01 3.556666666666666856e+02 -9.046071308642749109e-01
9.999999999871223011e-07 3.575555555555555429e+02 -8.159420759594619987e-01
1.110008888888888989e-01 3.575555555555555429e+02 -8.907487662399840023e-01
2.220007777777777969e-01 3.575555555555555429e+02 -8.816889171962595251e-01
3.330006666666666115e-01 3.575555555555555429e+02 -8.758789213477295998e-01
4.440005555555555095e-01 3.575555555555555429e+02 -8.759947339124857235e-01
5.550004444444444074e-01 3.575555555555555429e+02 -8.521416111934270177e-01
6.660003333333333053e-01 3.575555555555555429e+02 -8.533435216167388759e-01
7.770002222222222032e-01 3.575555555555555429e+02 -9.317841101772581514e-01
8.880001111111111012e-01 3.575555555555555429e+02 -1.033367243138101133e+00
9.989999999999999991e-01 3.575555555555555429e+02 -9.158564547677244816e-01
9.999999999871223011e-07 3.594444444444444571e+02 -8.179598859430324831e-01
1.110008888888888989e-01 3.594444444444444571e+02 -8.895508426444418415e-01
2.220007777777777969e-01 3.594444444444444571e+02 -8.896502871170423044e-01
3.330006666666666115e-01 3.594444444444444571e+02 -8.860877756548841688e-01
4.440005555555555095e-01 3.594444444444444571e+02 -8.843012716162671483e-01
5.550004444444444074e-01 3.594444444444444571e+02 -8.562726768905869479e-01
6.660003333333333053e-01 3.594444444444444571e+02 -8.525175933264788064e-01
7.770002222222222032e-01 3.594444444444444571e+02 -9.252287820086468884e-01
8.880001111111111012e-01 3.594444444444444571e+02 -1.020678331728793076e+00
9.989999999999999991e-01 3.594444444444444571e+02 -9.042111368293072049e-01
9.999999999871223011e-07 3.613333333333333144e+02 -8.060564954114795011e-01
1.110008888888888989e-01 3.613333333333333144e+02 -8.689998098501162671e-01
2.220007777777777969e-01 3.613333333333333144e+02 -8.793057420976441163e-01
3.330006666666666115e-01 3.613333333333333144e+02 -8.780762834959570107e-01
4.440005555555555095e-01 3.613333333333333144e+02 -8.744640423550087416e-01
5.550004444444444074e-01 3.613333333333333144e+02 -8.440810931849060950e-01
6.660003333333333053e-01 3.613333333333333144e+02 -8.368417235521794506e-01
7.770002222222222032e-01 3.613333333333333144e+02 -9.022884808667388512e-01
8.880001111111111012e-01 3.613333333333333144e+02 -9.862762815506910252e-01
9.989999999999999991e-01 3.613333333333333144e+02 -8.714403720389547470e-01
9.999999999871223011e-07 3.632222222222222285e+02 -7.774460926737818411e-01
1.110008888888888989e-01 3.632222222222222285e+02 -8.287168060634876321e-01
2.220007777777777969e-01 3.632222222222222285e+02 -8.489695928890593768e-01
3.330006666666666115e-01 3.632222222222222285e+02 -8.500600791623140751e-01
4.440005555555555095e-01 3.632222222222222285e+02 -8.450906741846455628e-01
5.550004444444444074e-01 3.632222222222222285e+02 -8.145395298580668797e-01
6.660003333333333053e-01 3.632222222222222285e+02 -8.054533535018608692e-01
7.770002222222222032e-01 3.632222222222222285e+02 -8.624607003050480669e-01
8.880001111111111012e-01 3.632222222222222285e+02 -9.313124023046965849e-01
9.989999999999999991e-01 3.632222222222222285e+02 -8.190967346358209999e-01
9.999999999871223011e-07 3.651111111111110858e+02 -7.286898875361474959e-01
1.110008888888888989e-01 3.651111111111110858e+02 -7.686196383510950358e-01
2.220007777777777969e-01 3.651111111111110858e+02 -7.973649533445382742e-01
3.330006666666666115e-01 3.651111111111110858e+02 -8.006514647758276038e-01
4.440005555555555095e-01 3.651111111111110858e+02 -7.950956703193833297e-01
5.550004444444444074e-01 3.651111111111110858e+02 -7.665734995197971413e-01
6.660003333333333053e-01 3.651111111111110858e+02 -7.571400365923283138e-01
7.770002222222222032e-01 3.651111111111110858e+02 -8.049264207410595784e-01
8.880001111111111012e-01 3.651111111111110858e+02 -8.570424940004151004e-01
9.989999999999999991e-01 3.651111111111110858e+02 -7.489583392307134213e-01
9.999999999871223011e-07 3.670000000000000000e+02 -6.581359993925841589e-01
1.110008888888888989e-01 3.670000000000000000e+02 -6.896749223682989705e-01
2.220007777777777969e-01 3.670000000000000000e+02 -7.247913106524870308e-01
3.330006666666666115e-01 3.670000000000000000e+02 -7.300050945955589565e-01
4.440005555555555095e-01 3.670000000000000000e+02 -7.246878047994812500e-01
5.550004444444444074e-01 3.670000000000000000e+02 -6.999884270619728399e-01
6.660003333333333053e-01 3.670000000000000000e+02 -6.914109124209524282e-01
7.770002222222222032e-01 3.670000000000000000e+02 -7.298407380805093103e-01
8.880001111111111012e-01 3.670000000000000000e+02 -7.657281146101234670e-01
9.989999999999999991e-01 3.670000000000000000e+02 -6.633770403277616801e-01
