9.999999999871223011e-07 3.500000000000000000e+02 -4.252013056785741707e-01
1.110008888888888989e-01 3.500000000000000000e+02 -5.180816744978989918e-01
2.220007777777777969e-01 3.500000000000000000e+02 -5.206643607419669806e-01
3.330006666666666115e-01 3.500000000000000000e+02 -5.158455756058866193e-01
4.440005555555555095e-01 3.500000000000000000e+02 -5.221579674240383051e-01
5.550004444444444074e-01 3.500000000000000000e+02 -5.198042789808173803e-01
6.660003333333333053e-01 3.500000000000000000e+02 -5.405000061219691343e-01
7.770002222222222032e-01 3.500000000000000000e+02 -6.106140975843421526e-01
8.880001111111111012e-01 3.500000000000000000e+02 -6.622351881968188136e-01
9.989999999999999991e-01 3.500000000000000000e+02 -5.364605676532447909e-01
9.999999999871223011e-07 3.518888888888889142e+02 -4.890497959992783916e-01
1.110008888888888989e-01 3.518888888888889142e+02 -5.955809018318060089e-01
2.220007777777777969e-01 3.518888888888889142e+02 -5.936303482390762332e-01
3.330006666666666115e-01 3.518888888888889142e+02 -5.884674897253944215e-01
4.440005555555555095e-01 3.518888888888889142e+02 -5.977334025081659785e-01
5.550004444444444074e-01 3.518888888888889142e+02 -5.940886618159280097e-01
6.660003333333333053e-01 3.518888888888889142e+02 -6.129679921004519416e-01
7.770002222222222032e-01 3.518888888888889142e+02 -6.901184222408520696e-01
8.880001111111111012e-01 3.518888888888889142e+02 -7.542878169862717863e-01
9.989999999999999991e-01 3.518888888888889142e+02 -6.163016552789649660e-01
9.999999999871223011e-07 3.537777777777777715e+02 -5.369600318324911914e-01
1.110008888888888989e-01 3.537777777777777715e+02 -6.529303453457202533e-01
2.220007777777777969e-01 3.537777777777777715e+02 -6.476667490145833206e-01
3.330006666666666115e-01 3.537777777777777715e+02 -6.430141591593252492e-01
4.440005555555555095e-01 3.537777777777777715e+02 -6.558772422144727443e-01
5.550004444444444074e-01 3.537777777777777715e+02 -6.515341944204859903e-01
6.660003333333333053e-01 3.537777777777777715e+02 -6.675494695134880363e-01
7.770002222222222032e-01 3.537777777777777715e+02 -7.485049466704035703e-01
8.880001111111111012e-01 3.537777777777777715e+02 -8.226696482925266452e-01
9.989999999999999991e-01 3.537777777777777715e+02 -6.750649698466011372e-01
9.999999999871223011e-07 3.556666666666666856e+02 -5.690112498073656155e-01
1.110008888888888989e-01 3.556666666666666856e+02 -6.872595334283500002e-01
2.220007777777777969e-01 3.556666666666666856e+02 -6.805341930105631709e-01
3.330006666666666115e-01 3.556666666666666856e+02 -6.774061561669497689e-01
4.440005555555555095e-01 3.556666666666666856e+02 -6.943833837726052227e-01
5.550004444444444074e-01 3.556666666666666856e+02 -6.903579420395996591e-01
6.660003333333333053e-01 3.556666666666666856e+02 -7.028450895946136701e-01
7.770002222222222032e-01 3.556666666666666856e+02 -7.834533243122698831e-01
8.880001111111111012e-01 3.556666666666666856e+02 -8.624110329236563954e-01
9.989999999999999991e-01 3.556666666666666856e+02 -7.092269285551093816e-01
9.999999999871223011e-07 3.575555555555555429e+02 -5.857667649292448431e-01
1.110008888888888989e-01 3.575555555555555429e+02 -6.972185798097632059e-01
2.220007777777777969e-01 3.575555555555555429e+02 -6.912762577407874920e-01
3.330006666666666115e-01 3.575555555555555429e+02 -6.907155348666258465e-01
4.440005555555555095e-01 3.575555555555555429e+02 -7.120588840076067516e-01
5.550004444444444074e-01 3.575555555555555429e+02 -7.096487554121930774e-01
6.660003333333333053e-01 3.575555555555555429e+02 -7.185981578387078406e-01
7.770002222222222032e-01 3.575555555555555429e+02 -7.947085760619496675e-01
8.880001111111111012e-01 3.575555555555555429e+02 -8.715310856659567174e-01
9.989999999999999991e-01 3.575555555555555429e+02 -7.173001214338610154e-01
9.999999999871223011e-07 3.594444444444444571e+02 -5.874349408950869655e-01
1.110008888888888989e-01 3.594444444444444571e+02 -6.831831329157850297e-01
2.220007777777777969e-01 3.594444444444444571e+02 -6.801537306100413627e-01
3.330006666666666115e-01 3.594444444444444571e+02 -6.830836643300854938e-01
4.440005555555555095e-01 3.594444444444444571e+02 -7.087257366162355021e-01
5.550004444444444074e-01 3.594444444444444571e+02 -7.092430145771142502e-01
6.660003333333333053e-01 3.594444444444444571e+02 -7.152972959379093609e-01
7.770002222222222032e-01 3.594444444444444571e+02 -7.835754937473412562e-01
8.880001111111111012e-01 3.594444444444444571e+02 -8.514943276776121284e-01
9.989999999999999991e-01 3.594444444444444571e+02 -7.001547220586805675e-01
9.999999999871223011e-07 3.613333333333333144e+02 -5.733828974355390518e-01
1.110008888888888989e-01 3.613333333333333144e+02 -6.469196843380017325e-01
2.220007777777777969e-01 3.613333333333333144e+02 -6.483178914062173170e-01
3.330006666666666115e-01 3.613333333333333144e+02 -6.553864399761144544e-01
4.440005555555555095e-01 3.613333333333333144e+02 -6.849371878053971407e-01
5.550004444444444074e-01 3.613333333333333144e+02 -6.894158336430949996e-01
6.660003333333333053e-01 3.613333333333333144e+02 -6.935828150640180878e-01
7.770002222222222032e-01 3.613333333333333144e+02 -7.518260645545986609e-01
8.880001111111111012e-01 3.613333333333333144e+02 -8.059248479285058275e-01
9.989999999999999991e-01 3.613333333333333144e+02 -6.603994110932563943e-01
9.999999999871223011e-07 3.632222222222222285e+02 -5.423126588216951038e-01
1.110008888888888989e-01 3.632222222222222285e+02 -5.910643796486095836e-01
2.220007777777777969e-01 3.632222222222222285e+02 -5.975737803173800655e-01
3.330006666666666115e-01 3.632222222222222285e+02 -6.090204593874817274e-01
4.440005555555555095e-01 3.632222222222222285e+02 -6.417989779894481828e-01
5.550004444444444074e-01 3.632222222222222285e+02 -6.507874226490579783e-01
6.660003333333333053e-01 3.632222222222222285e+02 -6.540786704703507315e-01
7.770002222222222032e-01 3.632222222222222285e+02 -7.012102100026275098e-01
8.880001111111111012e-01 3.632222222222222285e+02 -7.392152985723833281e-01
9.989999999999999991e-01 3.632222222222222285e+02 -6.015145368365399925e-01
9.999999999871223011e-07 3.651111111111110858e+02 -4.931142640038932434e-01
1.110008888888888989e-01 3.651111111111110858e+02 -5.187034371905805408e-01
2.220007777777777969e-01 3.651111111111110858e+02 -5.302688083896773819e-01
3.330006666666666115e-01 3.651111111111110858e+02 -5.458759619977054944e-01
4.440005555555555095e-01 3.651111111111110858e+02 -5.809923795317782913e-01
5.550004444444444074e-01 3.651111111111110858e+02 -5.945029389897806826e-01
6.660003333333333053e-01 3.651111111111110858e+02 -5.977072863566400551e-01
7.770002222222222032e-01 3.651111111111110858e+02 -6.336934203416766387e-01
8.880001111111111012e-01 3.651111111111110858e+02 -6.558070615817217508e-01
9.989999999999999991e-01 3.651111111111110858e+02 -5.271999934915468922e-01
9.999999999871223011e-07 3.670000000000000000e+02 -4.259196636704092320e-01
1.110008888888888989e-01 3.670000000000000000e+02 -4.330730699854892229e-01
2.220007777777777969e-01 3.670000000000000000e+02 -4.491099299604196515e-01
3.330006666666666115e-01 3.670000000000000000e+02 -4.682803867118267016e-01
4.440005555555555095e-01 3.670000000000000000e+02 -5.047480907168877540e-01
5.550004444444444074e-01 3.670000000000000000e+02 -5.223357458252444463e-01
6.660003333333333053e-01 3.670000000000000000e+02 -5.259823873856438459e-01
7.770002222222222032e-01 3.670000000000000000e+02 -5.516722288033326649e-01
8.880001111111111012e-01 3.670000000000000000e+02 -5.597927627783149118e-01
9.989999999999999991e-01 3.670000000000000000e+02 -4.409267559540518411e-01
