0.000000000000000000e+00 3.736009858548641205e+02 0.000000000000000000e+00
1.351351351351351426e-02 3.682625614106655121e+02 1.814438399539447522e-01
2.702702702702702853e-02 3.655236624181270599e+02 2.656222989046680971e-01
4.054054054054054279e-02 3.639272905886173248e+02 3.126280704723669590e-01
5.405405405405405705e-02 3.629144690930843353e+02 3.420313833711837170e-01
6.756756756756757132e-02 3.622311942279338837e+02 3.619117511422959566e-01
8.108108108108108558e-02 3.617479585111141205e+02 3.761506808291579240e-01
9.459459459459459985e-02 3.613929666578769684e+02 3.868204602555756488e-01
1.081081081081081141e-01 3.611238025128841400e+02 3.951172134309437478e-01
1.216216216216216284e-01 3.609141148626804352e+02 4.017741074512484745e-01
1.351351351351351426e-01 3.607468567788600922e+02 4.072626457101159447e-01
1.486486486486486569e-01 3.606106258928775787e+02 4.118982200141214634e-01
1.621621621621621712e-01 3.604975812137126923e+02 4.158989018841436347e-01
1.756756756756756854e-01 3.604021973907947540e+02 4.194197142626239216e-01
1.891891891891891997e-01 3.603205077350139618e+02 4.225736973078916270e-01
2.027027027027027140e-01 3.602496139705181122e+02 4.254450729678058152e-01
2.162162162162162282e-01 3.601873643696308136e+02 4.280977879964237842e-01
2.297297297297297425e-01 3.601321496069431305e+02 4.305814111438428515e-01
2.432432432432432567e-01 3.600827492773532867e+02 4.329349401393462471e-01
2.567567567567567988e-01 3.600382335484027863e+02 4.351896030891607703e-01
2.702702702702702853e-01 3.599978901445865631e+02 4.373707978250689909e-01
2.837837837837837718e-01 3.599611766636371613e+02 4.394995792050956362e-01
2.972972972972973138e-01 3.599276743829250336e+02 4.415935579264069211e-01
3.108108108108108558e-01 3.598970718681812286e+02 4.436678761308373020e-01
3.243243243243243423e-01 3.598691336810588837e+02 4.457356166544695908e-01
3.378378378378378288e-01 3.598436929285526276e+02 4.478083978969648049e-01
3.513513513513513709e-01 3.598206348717212677e+02 4.498966482146697921e-01
3.648648648648649129e-01 3.597998909652233124e+02 4.520099388852520939e-01
3.783783783783783994e-01 3.597814284265041351e+02 4.541571455253736178e-01
3.918918918918918859e-01 3.597652517259120941e+02 4.563467515138584507e-01
4.054054054054054279e-01 3.597513936460018158e+02 4.585869127244157073e-01
4.189189189189189699e-01 3.597399108111858368e+02 4.608855593847224208e-01
4.324324324324324564e-01 3.597308896481990814e+02 4.632506567891098159e-01
4.459459459459459429e-01 3.597244389355182648e+02 4.656901993540515372e-01
4.594594594594594850e-01 3.597206912934780121e+02 4.682123483121364838e-01
4.729729729729730270e-01 3.597198002040386200e+02 4.708254733248873891e-01
4.864864864864865135e-01 3.597219474613666534e+02 4.735383784708827037e-01
5.000000000000000000e-01 3.597273342311382294e+02 4.763602153053378419e-01
5.135135135135135975e-01 3.597361914813518524e+02 4.793007542643509256e-01
5.270270270270270840e-01 3.597487725317478180e+02 4.823703167644141643e-01
5.405405405405405705e-01 3.597653649747371674e+02 4.855800756082230274e-01
5.540540540540540571e-01 3.597862817347049713e+02 4.889419576815599577e-01
5.675675675675675436e-01 3.598118714988231659e+02 4.924689222220392515e-01
5.810810810810811411e-01 3.598425231873989105e+02 4.961751332751000443e-01
5.945945945945946276e-01 3.598786614835262299e+02 5.000759620926674698e-01
6.081081081081081141e-01 3.599207572638988495e+02 5.041882929284045023e-01
6.216216216216217116e-01 3.599693305790424347e+02 5.085306959151494333e-01
6.351351351351351981e-01 3.600249566137790680e+02 5.131236753820740404e-01
6.486486486486486847e-01 3.600882716476917267e+02 5.179899383277749569e-01
6.621621621621621712e-01 3.601599805057048798e+02 5.231547179095918931e-01
6.756756756756756577e-01 3.602408669888973236e+02 5.286461901096569660e-01
6.891891891891892552e-01 3.603317968547344208e+02 5.344957691505788366e-01
7.027027027027027417e-01 3.604337386786937714e+02 5.407388270846418266e-01
7.162162162162162282e-01 3.605477653443813324e+02 5.474150555583230382e-01
7.297297297297298257e-01 3.606750823557376862e+02 5.545694761066232159e-01
7.432432432432433123e-01 3.608170323073863983e+02 5.622530169988733117e-01
7.567567567567567988e-01 3.609751217067241669e+02 5.705236850652168901e-01
7.702702702702702853e-01 3.611510433256626129e+02 5.794477761604007737e-01
7.837837837837837718e-01 3.613467015326023102e+02 5.891013185567571808e-01
7.972972972972973693e-01 3.615642465651035309e+02 5.995719351610881986e-01
8.108108108108108558e-01 3.618061058223247528e+02 6.109609022437392234e-01
8.243243243243243423e-01 3.620750375092029572e+02 6.233860895584059092e-01
8.378378378378379399e-01 3.623741708695888519e+02 6.369850205402526333e-01
8.513513513513514264e-01 3.627070762217044830e+02 6.519192411262851872e-01
8.648648648648649129e-01 3.630778245627880096e+02 6.683791766423442526e-01
8.783783783783783994e-01 3.634910829365253448e+02 6.865908927428512332e-01
8.918918918918918859e-01 3.639522053301334381e+02 7.068240533643685986e-01
9.054054054054054834e-01 3.644673548638820648e+02 7.294024547764199617e-01
9.189189189189189699e-01 3.650436304509639740e+02 7.547170065776103165e-01
9.324324324324324564e-01 3.656892381608486176e+02 7.832431255661544967e-01
9.459459459459460540e-01 3.664136640727519989e+02 8.155624433099675219e-01
9.594594594594595405e-01 3.672278903424739838e+02 8.523916108362089572e-01
9.729729729729730270e-01 3.681446306407451630e+02 8.946196876122861630e-01
9.864864864864865135e-01 3.691785864531993866e+02 9.433571389818633524e-01
1.000000000000000000e+00 3.703467078506946564e+02 9.999999818371919647e-01
