7.879057953436789941e-01 3.509747462125802144e+02
2.306286770460414803e-01 3.502982828018692203e+02
6.548356228675650259e-02 3.577845144343345396e+02
5.925677888226723589e-01 3.523384172030472428e+02
9.234354850492244582e-01 3.541344683365825858e+02
8.732343069215480202e-01 3.573758966250488243e+02
9.859139594534247486e-01 3.660229973345061580e+02
1.925583222376701931e-01 3.621162568206126480e+02
1.020986124041181609e-01 3.557734704614327370e+02
3.854930599393001089e-01 3.588350147535532528e+02
